% # columns="iteration, evaluation, sigma, max axis length,  min axis length, all principal axes lengths  (sorted square roots of eigenvalues of C)", seed=690866, Sat Dec 13 01:01:52 2025
1 6 0.9885857792921264 1.0000250003125026 1.0 1.0 1.0000250003125026
2 12 0.8793269456203056 1.1300644586700748 0.834313822087168 0.834313822087168 1.1300644586700748
3 18 0.9839070727597691 1.0840339892222581 0.728369964025448 0.728369964025448 1.0840339892222581
4 24 0.851297546267161 1.156482856372884 0.6728122757813866 0.6728122757813866 1.156482856372884
5 30 0.7290696712178785 1.1191728720967253 0.5431436755758052 0.5431436755758052 1.1191728720967253
6 36 0.6513920028468569 1.052835398206939 0.47361816092725834 0.47361816092725834 1.052835398206939
7 42 0.5063928546057112 0.9569669504322806 0.4407180650989557 0.4407180650989557 0.9569669504322806
8 48 0.5116376996044102 0.8009417835659789 0.40729009955235496 0.40729009955235496 0.8009417835659789
9 54 0.4755814273496746 0.8801887075864727 0.3393362941803397 0.3393362941803397 0.8801887075864727
10 60 0.3903622249417042 0.8299314565675916 0.30309171821390335 0.30309171821390335 0.8299314565675916
11 66 0.3702138018038253 0.6649607690311329 0.3031849579732174 0.3031849579732174 0.6649607690311329
12 72 0.2785446590368902 0.7031757708042985 0.25295040334980684 0.25295040334980684 0.7031757708042985
13 78 0.24572775417326934 0.6602583926708088 0.21668555428403435 0.21668555428403435 0.6602583926708088
14 84 0.19559688086334723 0.603418097585666 0.19436684716432098 0.19436684716432098 0.603418097585666
15 90 0.16045068474211632 0.5503735315124904 0.17336790320935971 0.17336790320935971 0.5503735315124904
16 96 0.18086233986760789 0.5535486221329342 0.1436990521089831 0.1436990521089831 0.5535486221329342
17 102 0.1726174830839377 0.5737208612350493 0.13503830206376868 0.13503830206376868 0.5737208612350493
18 108 0.18892125589538464 0.5524403274928454 0.134110634342181 0.134110634342181 0.5524403274928454
19 114 0.16947544519730418 0.5595289385364586 0.14107734022383125 0.14107734022383125 0.5595289385364586
20 120 0.17657315893660086 0.487372517263859 0.1320076048487277 0.1320076048487277 0.487372517263859
21 126 0.15321524192228747 0.43128798531355583 0.14639910729508104 0.14639910729508104 0.43128798531355583
22 132 0.1420844580669696 0.3577177074918428 0.1508386171493208 0.1508386171493208 0.3577177074918428
23 138 0.10893921194980419 0.32313839076746065 0.1465787874501733 0.1465787874501733 0.32313839076746065
24 144 0.10399403709475473 0.28585123319456474 0.12578610500683662 0.12578610500683662 0.28585123319456474
25 150 0.11687697278758298 0.307311936123489 0.1026734126243008 0.1026734126243008 0.307311936123489
26 156 0.11774758635532208 0.3756657701465332 0.09017325594448422 0.09017325594448422 0.3756657701465332
27 162 0.11567286561774302 0.3392161741547393 0.08694506279140717 0.08694506279140717 0.3392161741547393
28 168 0.09958518554007509 0.30951902763314565 0.0827087516811417 0.0827087516811417 0.30951902763314565
29 174 0.08086502646442971 0.2619084105294442 0.0795427682140229 0.0795427682140229 0.2619084105294442
30 180 0.0749939863099464 0.25015418381343385 0.0657816434367484 0.0657816434367484 0.25015418381343385
31 186 0.05342910587977137 0.26168508879302116 0.052977121956718595 0.052977121956718595 0.26168508879302116
32 192 0.042835914343321874 0.21738613424659836 0.04830190154529538 0.04830190154529538 0.21738613424659836
33 198 0.033749988673309556 0.1790361834827182 0.04576932653562038 0.04576932653562038 0.1790361834827182
34 204 0.03305374948321011 0.16195820221182544 0.03992703483237534 0.03992703483237534 0.16195820221182544
35 210 0.04263233781686891 0.17278520856619392 0.03292779550117521 0.03292779550117521 0.17278520856619392
36 216 0.058718853479070666 0.16860673608485932 0.03693870460783638 0.03693870460783638 0.16860673608485932
37 222 0.06622405093827566 0.20709960025507707 0.03494484480136974 0.03494484480136974 0.20709960025507707
38 228 0.07456567360765202 0.19321687703443607 0.03288041158013831 0.03288041158013831 0.19321687703443607
39 234 0.08986350060286696 0.17110230176124247 0.03640518239385384 0.03640518239385384 0.17110230176124247
40 240 0.07683319095377443 0.21548886644033102 0.03155117597578071 0.03155117597578071 0.21548886644033102
41 246 0.06492710666918958 0.19747007927020868 0.03002270244590554 0.03002270244590554 0.19747007927020868
42 252 0.06244361197833226 0.16384316125006312 0.029359229043635138 0.029359229043635138 0.16384316125006312
43 258 0.05517820726484317 0.1667397676708487 0.0265719303347528 0.0265719303347528 0.1667397676708487
44 264 0.045631335788453575 0.14944588021220465 0.024551713145590348 0.024551713145590348 0.14944588021220465
45 270 0.034089052593293485 0.13485189384527965 0.022214260193302478 0.022214260193302478 0.13485189384527965
46 276 0.025360332865712563 0.11799695347804304 0.019512517255872944 0.019512517255872944 0.11799695347804304
47 282 0.019615486200253458 0.10306105557399482 0.017512556070205722 0.017512556070205722 0.10306105557399482
48 288 0.017903948092982114 0.08551775938477847 0.016560480577042107 0.016560480577042107 0.08551775938477847
49 294 0.013700213903641527 0.07893095378986893 0.01561910771363852 0.01561910771363852 0.07893095378986893
50 300 0.013024553748270577 0.06308566662653245 0.015187235791309192 0.015187235791309192 0.06308566662653245
51 306 0.01068665000298353 0.05747803167229334 0.014965040670225431 0.014965040670225431 0.05747803167229334
52 312 0.009208795012759832 0.05306300687591189 0.013455931244400704 0.013455931244400704 0.05306300687591189
53 318 0.007582719050157212 0.04854763737296858 0.011982478252506555 0.011982478252506555 0.04854763737296858
54 324 0.008834357045216061 0.0482921598850949 0.009549973034497615 0.009549973034497615 0.0482921598850949
55 330 0.008176030641491881 0.055333735652034886 0.009319237052448871 0.009319237052448871 0.055333735652034886
56 336 0.008045894316894286 0.05384705248822181 0.007899485921307858 0.007899485921307858 0.05384705248822181
57 342 0.006469072993945692 0.06059663889114391 0.0068323494402393325 0.0068323494402393325 0.06059663889114391
58 348 0.005224996023738629 0.056123509633689256 0.005958750340045396 0.005958750340045396 0.056123509633689256
59 354 0.004049279538567027 0.04777454909798398 0.005588054975634199 0.005588054975634199 0.04777454909798398
60 360 0.003085039212913865 0.0406357358739284 0.00507485057809763 0.00507485057809763 0.0406357358739284
61 366 0.002386018974051662 0.034145005673185604 0.004657309737629236 0.004657309737629236 0.034145005673185604
62 372 0.0018778718784328225 0.02720500500756829 0.004487358666833755 0.004487358666833755 0.02720500500756829
63 378 0.0016000969647221325 0.023877625451527607 0.0040058681756900425 0.0040058681756900425 0.023877625451527607
64 384 0.001450116500735096 0.019807598271510577 0.003898070375269889 0.003898070375269889 0.019807598271510577
65 390 0.0014222417178487105 0.01977473714018137 0.0032303318058075205 0.0032303318058075205 0.01977473714018137
66 396 0.0011064481419933742 0.019760722231600754 0.0030245756873811397 0.0030245756873811397 0.019760722231600754
67 402 0.0009325833902315794 0.018020150768010456 0.002535123596224601 0.002535123596224601 0.018020150768010456
68 408 0.0009091783124918832 0.015198409312803817 0.002424181095141449 0.002424181095141449 0.015198409312803817
69 414 0.0006817186661531196 0.015719812474447818 0.002072104987408582 0.002072104987408582 0.015719812474447818
70 420 0.0006253064549984073 0.014766260292364759 0.0016979840585919581 0.0016979840585919581 0.014766260292364759
71 426 0.00046321018171421093 0.01365043405052163 0.0015610893538335758 0.0015610893538335758 0.01365043405052163
72 432 0.00039154582486071774 0.011947796208368907 0.001373434913053856 0.001373434913053856 0.011947796208368907
73 438 0.00028811565874179703 0.011432728276019084 0.001151766268329079 0.001151766268329079 0.011432728276019084
74 444 0.0002824851608840631 0.009718437818810174 0.0010764178369404955 0.0010764178369404955 0.009718437818810174
75 450 0.00023743017129251618 0.010106232230500611 0.0009600341996000853 0.0009600341996000853 0.010106232230500611
76 456 0.00023303736234830968 0.00912869838334253 0.0008970696320533555 0.0008970696320533555 0.00912869838334253
77 462 0.00019976817859677473 0.007302160683768376 0.0009761551968790547 0.0009761551968790547 0.007302160683768376
78 468 0.00017507735929089024 0.007152649886601305 0.00079164638535992 0.00079164638535992 0.007152649886601305
79 474 0.000147599838291575 0.006965457235906648 0.0006721006536400865 0.0006721006536400865 0.006965457235906648
80 480 0.00012776324965580287 0.006016325526822016 0.0006375081932181107 0.0006375081932181107 0.006016325526822016
81 486 0.00010150442925318892 0.005314967061757344 0.0005969798149974028 0.0005969798149974028 0.005314967061757344
82 492 8.272182910640224e-05 0.004933407871095173 0.0004994336712407387 0.0004994336712407387 0.004933407871095173
83 498 6.544896708803608e-05 0.004201205655823558 0.0004568781402686233 0.0004568781402686233 0.004201205655823558
84 504 4.969340134104068e-05 0.0037415314194677624 0.00040863035669565 0.00040863035669565 0.0037415314194677624
85 510 5.981570834310938e-05 0.003293934401904706 0.00036500900743427765 0.00036500900743427765 0.003293934401904706
86 516 5.059016485232628e-05 0.002820585979518069 0.00045728948874450086 0.00045728948874450086 0.002820585979518069
87 522 4.237864109468883e-05 0.0024464099170469302 0.0004144841672502769 0.0004144841672502769 0.0024464099170469302
88 528 3.7419798058045126e-05 0.0022486333280756997 0.00035921597910999243 0.00035921597910999243 0.0022486333280756997
89 534 2.853466587158715e-05 0.0021431432022033818 0.0003180831446356456 0.0003180831446356456 0.0021431432022033818
89 534 2.853466587158715e-05 0.0021431432022033818 0.0003180831446356456 0.0003180831446356456 0.0021431432022033818
