% # columns="iteration, evaluation, min max(neg(.)) min(pos(.)) max correlation, correlation matrix principal axes lengths  (sorted square roots of eigenvalues of correlation matrix)", seed=824651, Mon Jul 28 21:21:41 2025
1 6 0.010028801973293772 0.010028801973293772 0.010028801973293772 0.010028801973293772 0.994972963465192 1.0050018915272219
2 12 0.26094520846496566 0.26094520846496566 0.26094520846496566 0.26094520846496566 0.994972963465192 1.0050018915272219
3 18 -0.020054177645558172 -0.020054177645558172 -0.020054177645558172 -0.020054177645558172 0.9899221294397059 1.0099773154113703
4 24 -0.11176524477267111 -0.11176524477267111 -0.11176524477267111 -0.11176524477267111 0.9899221294397059 1.0099773154113703
5 30 -0.1671960477404652 -0.1671960477404652 -0.1671960477404652 -0.1671960477404652 0.912580929156168 1.080368477761391
6 36 -0.10877511074237582 -0.10877511074237582 -0.10877511074237582 -0.10877511074237582 0.912580929156168 1.080368477761391
7 42 -0.08661906882269484 -0.08661906882269484 -0.08661906882269484 -0.08661906882269484 0.9557096479461245 1.0424102209891721
8 48 -0.22293267636580807 -0.22293267636580807 -0.22293267636580807 -0.22293267636580807 0.9557096479461245 1.0424102209891721
9 54 -0.552414456364201 -0.552414456364201 -0.552414456364201 -0.552414456364201 0.6690183432730369 1.2459592514862599
10 60 -0.7023018516463999 -0.7023018516463999 -0.7023018516463999 -0.7023018516463999 0.6690183432730369 1.2459592514862599
11 66 -0.7603352361183944 -0.7603352361183944 -0.7603352361183944 -0.7603352361183944 0.4895556800626522 1.3267762569922612
12 72 -0.841587959512344 -0.841587959512344 -0.841587959512344 -0.841587959512344 0.4895556800626522 1.3267762569922612
13 78 -0.8995323480451903 -0.8995323480451903 -0.8995323480451903 -0.8995323480451903 0.3169663262159084 1.3782352295762832
14 84 -0.9064954308218678 -0.9064954308218678 -0.9064954308218678 -0.9064954308218678 0.3169663262159084 1.3782352295762832
15 90 -0.9422816628620407 -0.9422816628620407 -0.9422816628620407 -0.9422816628620407 0.2402464092092933 1.3936576562635605
16 96 -0.9541963827377398 -0.9541963827377398 -0.9541963827377398 -0.9541963827377398 0.2402464092092933 1.3936576562635605
17 102 -0.9672509533417372 -0.9672509533417372 -0.9672509533417372 -0.9672509533417372 0.18096697670642273 1.4025872355549716
18 108 -0.9471248369751222 -0.9471248369751222 -0.9471248369751222 -0.9471248369751222 0.18096697670642273 1.4025872355549716
19 114 -0.9706070454816845 -0.9706070454816845 -0.9706070454816845 -0.9706070454816845 0.17144373572200128 1.4037831191041172
20 120 -0.97637566241571 -0.97637566241571 -0.97637566241571 -0.97637566241571 0.17144373572200128 1.4037831191041172
21 126 -0.9797249166557094 -0.9797249166557094 -0.9797249166557094 -0.9797249166557094 0.14239060132006864 1.4070269779416844
22 132 -0.9664231315957557 -0.9664231315957557 -0.9664231315957557 -0.9664231315957557 0.14239060132006864 1.4070269779416844
23 138 -0.9609026620027356 -0.9609026620027356 -0.9609026620027356 -0.9609026620027356 0.19773046805503824 1.4003223421779485
24 144 -0.9719485414276333 -0.9719485414276333 -0.9719485414276333 -0.9719485414276333 0.19773046805503824 1.4003223421779485
25 150 -0.9654978797037483 -0.9654978797037483 -0.9654978797037483 -0.9654978797037483 0.18574746376801948 1.4019621534491393
26 156 -0.9740333301492105 -0.9740333301492105 -0.9740333301492105 -0.9740333301492105 0.18574746376801948 1.4019621534491393
27 162 -0.971562375481332 -0.971562375481332 -0.971562375481332 -0.971562375481332 0.1686345887375071 1.4041233476733204
28 168 -0.9846073784571426 -0.9846073784571426 -0.9846073784571426 -0.9846073784571426 0.1686345887375071 1.4041233476733204
29 174 -0.9814674378149306 -0.9814674378149306 -0.9814674378149306 -0.9814674378149306 0.136134353434648 1.4076460626929381
30 180 -0.9801168763889941 -0.9801168763889941 -0.9801168763889941 -0.9801168763889941 0.136134353434648 1.4076460626929381
31 186 -0.9803373594927681 -0.9803373594927681 -0.9803373594927681 -0.9803373594927681 0.14022353763627596 1.40724459831714
32 192 -0.9753290355917761 -0.9753290355917761 -0.9753290355917761 -0.9753290355917761 0.14022353763627596 1.40724459831714
33 198 -0.9647195491387531 -0.9647195491387531 -0.9647195491387531 -0.9647195491387531 0.18783091029233398 1.4016845398087092
34 204 -0.9484193827270284 -0.9484193827270284 -0.9484193827270284 -0.9484193827270284 0.18783091029233398 1.4016845398087092
35 210 -0.9479352761146276 -0.9479352761146276 -0.9479352761146276 -0.9479352761146276 0.22817695739353794 1.395684518834621
36 216 -0.9384557059042715 -0.9384557059042715 -0.9384557059042715 -0.9384557059042715 0.22817695739353794 1.395684518834621
37 222 -0.9500591156070723 -0.9500591156070723 -0.9500591156070723 -0.9500591156070723 0.2234745721394892 1.3964451709992314
38 228 -0.9340047862399345 -0.9340047862399345 -0.9340047862399345 -0.9340047862399345 0.2234745721394892 1.3964451709992314
39 234 -0.9234222468291777 -0.9234222468291777 -0.9234222468291777 -0.9234222468291777 0.276726856612838 1.3868749932236784
40 240 -0.9303286669273222 -0.9303286669273222 -0.9303286669273222 -0.9303286669273222 0.276726856612838 1.3868749932236784
41 246 -0.9392064617102028 -0.9392064617102028 -0.9392064617102028 -0.9392064617102028 0.2465634569229532 1.3925539349376035
42 252 -0.9297649984741154 -0.9297649984741154 -0.9297649984741154 -0.9297649984741154 0.2465634569229532 1.3925539349376035
43 258 -0.9005321323541202 -0.9005321323541202 -0.9005321323541202 -0.9005321323541202 0.3153852685936358 1.378597886388239
44 264 -0.8528318176231564 -0.8528318176231564 -0.8528318176231564 -0.8528318176231564 0.3153852685936358 1.378597886388239
45 270 -0.8092779588524451 -0.8092779588524451 -0.8092779588524451 -0.8092779588524451 0.43671734697348014 1.3450940334610235
46 276 -0.8123870313636012 -0.8123870313636012 -0.8123870313636012 -0.8123870313636012 0.43671734697348014 1.3450940334610235
47 282 -0.7496082681822032 -0.7496082681822032 -0.7496082681822032 -0.7496082681822032 0.5003915784840876 1.3227275865355659
48 288 -0.7060644681974341 -0.7060644681974341 -0.7060644681974341 -0.7060644681974341 0.5003915784840876 1.3227275865355659
49 294 -0.6872791390985223 -0.6872791390985223 -0.6872791390985223 -0.6872791390985223 0.5592145034791907 1.2989530934943425
50 300 -0.5726542651644267 -0.5726542651644267 -0.5726542651644267 -0.5726542651644267 0.5592145034791907 1.2989530934943425
51 306 -0.4303310490124447 -0.4303310490124447 -0.4303310490124447 -0.4303310490124447 0.7547641691201002 1.1959644848457853
52 312 -0.508603506544208 -0.508603506544208 -0.508603506544208 -0.508603506544208 0.7547641691201002 1.1959644848457853
53 318 -0.6494433455201953 -0.6494433455201953 -0.6494433455201953 -0.6494433455201953 0.5920782503012628 1.284306562126113
54 324 -0.6555618307070052 -0.6555618307070052 -0.6555618307070052 -0.6555618307070052 0.5920782503012628 1.284306562126113
55 330 -0.6657480182115739 -0.6657480182115739 -0.6657480182115739 -0.6657480182115739 0.5781452947040441 1.2906386086784998
56 336 -0.7208341424833755 -0.7208341424833755 -0.7208341424833755 -0.7208341424833755 0.5781452947040441 1.2906386086784998
57 342 -0.696241826464516 -0.696241826464516 -0.696241826464516 -0.696241826464516 0.5511426072583065 1.3023984898887575
58 348 -0.6532084079622622 -0.6532084079622622 -0.6532084079622622 -0.6532084079622622 0.5511426072583065 1.3023984898887575
59 354 -0.6267870800813208 -0.6267870800813208 -0.6267870800813208 -0.6267870800813208 0.6109115483592361 1.2754556362654568
60 360 -0.7153924635023973 -0.7153924635023973 -0.7153924635023973 -0.7153924635023973 0.6109115483592361 1.2754556362654568
61 366 -0.5237985019495339 -0.5237985019495339 -0.5237985019495339 -0.5237985019495339 0.6900735453924214 1.2344223353251245
62 372 -0.4433935081036128 -0.4433935081036128 -0.4433935081036128 -0.4433935081036128 0.6900735453924214 1.2344223353251245
63 378 -0.3099435783622333 -0.3099435783622333 -0.3099435783622333 -0.3099435783622333 0.8306963474325421 1.1445276660536579
64 384 -0.2443679526677659 -0.2443679526677659 -0.2443679526677659 -0.2443679526677659 0.8306963474325421 1.1445276660536579
65 390 -0.16997237593370101 -0.16997237593370101 -0.16997237593370101 -0.16997237593370101 0.9110585184642637 1.0816526133346607
66 396 -0.29706597449832767 -0.29706597449832767 -0.29706597449832767 -0.29706597449832767 0.9110585184642637 1.0816526133346607
67 402 -0.3103484733977165 -0.3103484733977165 -0.3103484733977165 -0.3103484733977165 0.8304526034652933 1.1447045354141463
68 408 -0.3792235368388187 -0.3792235368388187 -0.3792235368388187 -0.3792235368388187 0.8304526034652933 1.1447045354141463
69 414 -0.236791200553641 -0.236791200553641 -0.236791200553641 -0.236791200553641 0.8736182229362887 1.1121111457734973
70 420 -0.020834335029207084 -0.020834335029207084 -0.020834335029207084 -0.020834335029207084 0.8736182229362887 1.1121111457734973
71 426 0.07182196313009767 0.07182196313009767 0.07182196313009767 0.07182196313009767 0.9634199691048043 1.0352883478191464
72 432 0.10113455785248762 0.10113455785248762 0.10113455785248762 0.10113455785248762 0.9634199691048043 1.0352883478191464
73 438 -0.0035358955110583066 -0.0035358955110583066 -0.0035358955110583066 -0.0035358955110583066 0.998230486655733 1.0017663876927885
74 444 0.09388893825327431 0.09388893825327431 0.09388893825327431 0.09388893825327431 0.998230486655733 1.0017663876927885
75 450 0.17182441542510768 0.17182441542510768 0.17182441542510768 0.17182441542510768 0.9100415290385886 1.0825083904640682
76 456 0.2825791180198996 0.2825791180198996 0.2825791180198996 0.2825791180198996 0.9100415290385886 1.0825083904640682
77 462 0.4169971145314935 0.4169971145314935 0.4169971145314935 0.4169971145314935 0.7635462562729951 1.190376879198976
78 468 0.4663485992722109 0.4663485992722109 0.4663485992722109 0.4663485992722109 0.7635462562729951 1.190376879198976
79 474 0.4240476526148568 0.4240476526148568 0.4240476526148568 0.4240476526148568 0.7589152438745338 1.1933346775380562
80 480 0.3562206488057215 0.3562206488057215 0.3562206488057215 0.3562206488057215 0.7589152438745338 1.1933346775380562
81 486 0.2657151116737079 0.2657151116737079 0.2657151116737079 0.2657151116737079 0.8569042468830995 1.1250400489199075
82 492 0.028819439597137387 0.028819439597137387 0.028819439597137387 0.028819439597137387 0.8569042468830995 1.1250400489199075
83 498 0.04841023814572569 0.04841023814572569 0.04841023814572569 0.04841023814572569 0.9754946242057279 1.0239190583955968
84 504 -0.09285200199624728 -0.09285200199624728 -0.09285200199624728 -0.09285200199624728 0.9754946242057279 1.0239190583955968
85 510 -0.15239254832090704 -0.15239254832090704 -0.15239254832090704 -0.15239254832090704 0.9206559898676013 1.0734954812764268
86 516 0.04762597088610405 0.04762597088610405 0.04762597088610405 0.04762597088610405 0.9206559898676013 1.0734954812764268
87 522 0.17595978674680415 0.17595978674680415 0.17595978674680415 0.17595978674680415 0.9077666072582731 1.084416795677199
88 528 0.29983707414730354 0.29983707414730354 0.29983707414730354 0.29983707414730354 0.9077666072582731 1.084416795677199
89 534 0.30279532699174017 0.30279532699174017 0.30279532699174017 0.30279532699174017 0.8349878280599424 1.141400598822228
90 540 0.33754348844718035 0.33754348844718035 0.33754348844718035 0.33754348844718035 0.8349878280599424 1.141400598822228
91 546 0.3940591747411036 0.3940591747411036 0.3940591747411036 0.3940591747411036 0.7784220097472171 1.1807028308347125
92 552 0.46769203650253294 0.46769203650253294 0.46769203650253294 0.46769203650253294 0.7784220097472171 1.1807028308347125
93 558 0.44997146568356894 0.44997146568356894 0.44997146568356894 0.44997146568356894 0.7416390862922686 1.2041476095909376
94 564 0.35676640060628395 0.35676640060628395 0.35676640060628395 0.35676640060628395 0.7416390862922686 1.2041476095909376
95 570 0.4464666796818105 0.4464666796818105 0.4464666796818105 0.4464666796818105 0.7439981991363888 1.2026914316156951
96 576 0.5457720160820805 0.5457720160820805 0.5457720160820805 0.5457720160820805 0.7439981991363888 1.2026914316156951
97 582 0.48024839667651875 0.48024839667651875 0.48024839667651875 0.48024839667651875 0.7209380024131627 1.2166545921815768
98 588 0.5952169935283381 0.5952169935283381 0.5952169935283381 0.5952169935283381 0.7209380024131627 1.2166545921815768
99 594 0.43057433830512265 0.43057433830512265 0.43057433830512265 0.43057433830512265 0.7546029828293003 1.1960661931118706
100 600 0.42718555777793354 0.42718555777793354 0.42718555777793354 0.42718555777793354 0.7546029828293003 1.1960661931118706
101 606 0.4027331547157378 0.4027331547157378 0.4027331547157378 0.4027331547157378 0.7728304117232073 1.1843703621400434
102 612 0.35149623772551264 0.35149623772551264 0.35149623772551264 0.35149623772551264 0.7728304117232073 1.1843703621400434
103 618 0.14420976321139778 0.14420976321139778 0.14420976321139778 0.14420976321139778 0.9250893128712506 1.0696774108166431
104 624 0.3374842214744491 0.3374842214744491 0.3374842214744491 0.3374842214744491 0.9250893128712506 1.0696774108166431
104 624 0.3374842214744491 0.3374842214744491 0.3374842214744491 0.3374842214744491 0.9250893128712506 1.0696774108166431
