% # columns="iteration, evaluation, sigma, beta, void,  sigvec==sigma_vec.scaling factors from diagonal decoding", seed=824651, Mon Jul 28 21:21:41 2025, <python>{}</python>
1 6 1.038530964201177 1 0 0.5745360076765429 0.5746589072597719
2 12 1.1185216297246225 1 0 0.5745360076765429 0.4897644149670981
3 18 1.2500085143499282 1 0 0.5521138199189976 0.4218583394395844
4 24 1.3349296103882131 1 0 0.5208808110464734 0.39413972833792177
5 30 1.0253224344015472 1 0 0.5208808110464734 0.39413972833792177
6 36 0.9015335984163664 1 0 0.5208808110464734 0.39413972833792177
7 42 0.7503298930173559 1 0 0.5208808110464734 0.39413972833792177
8 48 0.6557035849413521 1 0 0.5208808110464734 0.39413972833792177
9 54 0.8468912429459331 1 0 0.5208808110464734 0.39413972833792177
10 60 0.9113644176006263 1 0 0.5208808110464734 0.39413972833792177
11 66 0.7413970687805734 1 0 0.5208808110464734 0.39413972833792177
12 72 0.676884326694311 1 0 0.5208808110464734 0.39413972833792177
13 78 0.5852534182727479 1 0 0.5208808110464734 0.39413972833792177
14 84 0.4578811305436878 1 0 0.5208808110464734 0.39413972833792177
15 90 0.4276683965644532 1 0 0.5208808110464734 0.39413972833792177
16 96 0.3761157996133246 1 0 0.5208808110464734 0.39413972833792177
17 102 0.30877456655440527 1 0 0.5208808110464734 0.39413972833792177
18 108 0.4155612038742476 1 0 0.5208808110464734 0.39413972833792177
19 114 0.4356921035160088 1 0 0.5208808110464734 0.39413972833792177
20 120 0.567036238242131 1 0 0.5208808110464734 0.39413972833792177
21 126 0.555231490553656 1 0 0.5208808110464734 0.39413972833792177
22 132 0.5775009691976064 1 0 0.5208808110464734 0.39413972833792177
23 138 0.45693429124514845 1 0 0.5208808110464734 0.39413972833792177
24 144 0.394296677653485 1 0 0.5208808110464734 0.39413972833792177
25 150 0.36719120544135625 1 0 0.5208808110464734 0.39413972833792177
26 156 0.30395325665254685 1 0 0.5208808110464734 0.39413972833792177
27 162 0.2740085590457035 1 0 0.5208808110464734 0.39413972833792177
28 168 0.2554554000203465 1 0 0.5208808110464734 0.39413972833792177
29 174 0.21556456744892658 1 0 0.5208808110464734 0.39413972833792177
30 180 0.2207370624070718 1 0 0.5208808110464734 0.39413972833792177
31 186 0.1674476828238182 1 0 0.5208808110464734 0.39413972833792177
32 192 0.16340928661319643 1 0 0.5208808110464734 0.39413972833792177
33 198 0.20100811041889483 1 0 0.5208808110464734 0.39413972833792177
34 204 0.15537594588157733 1 0 0.5208808110464734 0.39413972833792177
35 210 0.13584372425051683 1 0 0.5208808110464734 0.39413972833792177
36 216 0.10659309408600694 1 0 0.5208808110464734 0.39413972833792177
37 222 0.1412674237931994 1 0 0.5208808110464734 0.39413972833792177
38 228 0.14052178911068094 1 0 0.5208808110464734 0.39413972833792177
39 234 0.1392002124672132 1 0 0.5208808110464734 0.39413972833792177
40 240 0.11956722197186377 1 0 0.5208808110464734 0.39413972833792177
41 246 0.1071214076851571 1 0 0.5208808110464734 0.39413972833792177
42 252 0.11204761651082278 1 0 0.5208808110464734 0.39413972833792177
43 258 0.11967777150186025 1 0 0.5208808110464734 0.39413972833792177
44 264 0.1138234853860598 1 0 0.5208808110464734 0.39413972833792177
45 270 0.09491469033358406 1 0 0.5208808110464734 0.39413972833792177
46 276 0.06636845039506088 1 0 0.5208808110464734 0.39413972833792177
47 282 0.07860544954828583 1 0 0.5208808110464734 0.39413972833792177
48 288 0.09884888643823105 1 0 0.5208808110464734 0.39413972833792177
49 294 0.14652561810113285 1 0 0.5208808110464734 0.39413972833792177
50 300 0.15094486184471753 1 0 0.5208808110464734 0.39413972833792177
51 306 0.12297558734008648 1 0 0.5208808110464734 0.39413972833792177
52 312 0.09892853912496725 1 0 0.5208808110464734 0.39413972833792177
53 318 0.10944388808338709 1 0 0.5208808110464734 0.39413972833792177
54 324 0.10455833413337995 1 0 0.5208808110464734 0.39413972833792177
55 330 0.08707695735113882 1 0 0.5208808110464734 0.39413972833792177
56 336 0.09118059932428862 1 0 0.5208808110464734 0.39413972833792177
57 342 0.09236340074494041 1 0 0.5208808110464734 0.39413972833792177
58 348 0.08101071230577173 1 0 0.5208808110464734 0.39413972833792177
59 354 0.06570173720198902 1 0 0.5208808110464734 0.39413972833792177
60 360 0.05030655036494021 1 0 0.5208808110464734 0.39413972833792177
61 366 0.058614440361197284 1 0 0.5208808110464734 0.39413972833792177
62 372 0.04595383888247956 1 0 0.5208808110464734 0.39413972833792177
63 378 0.047203791344910796 1 0 0.5208808110464734 0.39413972833792177
64 384 0.04624257606997475 1 0 0.5208808110464734 0.39413972833792177
65 390 0.036023256850104185 1 0 0.5208808110464734 0.39413972833792177
66 396 0.03411257589174228 1 0 0.5208808110464734 0.39413972833792177
67 402 0.026530798745478867 1 0 0.5208808110464734 0.39413972833792177
68 408 0.01970879582936827 1 0 0.5208808110464734 0.39413972833792177
69 414 0.018163000713633415 1 0 0.5208808110464734 0.39413972833792177
70 420 0.01741089562596454 1 0 0.5208808110464734 0.39413972833792177
71 426 0.013921403535807397 1 0 0.5208808110464734 0.39413972833792177
72 432 0.013299284323345706 1 0 0.5208808110464734 0.39413972833792177
73 438 0.011978913478978817 1 0 0.5208808110464734 0.39413972833792177
74 444 0.009888507634364715 1 0 0.5208808110464734 0.39413972833792177
75 450 0.008583757945923299 1 0 0.5208808110464734 0.39413972833792177
76 456 0.007092729154759491 1 0 0.5208808110464734 0.39413972833792177
77 462 0.0061126083758770424 1 0 0.5208808110464734 0.39413972833792177
78 468 0.006600851532420121 1 0 0.5208808110464734 0.39413972833792177
79 474 0.005610442739061243 1 0 0.5208808110464734 0.39413972833792177
80 480 0.0042940104650913465 1 0 0.5208808110464734 0.39413972833792177
81 486 0.003280484905906504 1 0 0.5208808110464734 0.39413972833792177
82 492 0.0023735032827546937 1 0 0.5208808110464734 0.39413972833792177
83 498 0.0019697943886677347 1 0 0.5208808110464734 0.39413972833792177
84 504 0.0015132344436671347 1 0 0.5208808110464734 0.39413972833792177
85 510 0.0013772388925934601 1 0 0.5208808110464734 0.39413972833792177
86 516 0.0011806828267805379 1 0 0.5208808110464734 0.39413972833792177
87 522 0.0010397429672367826 1 0 0.5208808110464734 0.39413972833792177
88 528 0.0008817825096756282 1 0 0.5208808110464734 0.39413972833792177
89 534 0.000736397378288462 1 0 0.5208808110464734 0.39413972833792177
90 540 0.0007098067593870927 1 0 0.5208808110464734 0.39413972833792177
91 546 0.0005346327489886013 1 0 0.5208808110464734 0.39413972833792177
92 552 0.00045395656917952566 1 0 0.5208808110464734 0.39413972833792177
93 558 0.000588571496367284 1 0 0.5208808110464734 0.39413972833792177
94 564 0.00042620576723873807 1 0 0.5208808110464734 0.39413972833792177
95 570 0.00043286168867613786 1 0 0.5208808110464734 0.39413972833792177
96 576 0.0003589421329989333 1 0 0.5208808110464734 0.39413972833792177
97 582 0.0003559180207687928 1 0 0.5208808110464734 0.39413972833792177
98 588 0.00027328153333820027 1 0 0.5208808110464734 0.39413972833792177
99 594 0.00021198978073905337 1 0 0.5208808110464734 0.39413972833792177
100 600 0.00017732867401090759 1 0 0.5208808110464734 0.39413972833792177
101 606 0.00017287102632114918 1 0 0.5208808110464734 0.39413972833792177
102 612 0.00012744804684244304 1 0 0.5208808110464734 0.39413972833792177
103 618 9.831200794969768e-05 1 0 0.5208808110464734 0.39413972833792177
104 624 7.81961593304846e-05 1 0 0.5208808110464734 0.39413972833792177
104 624 7.81961593304846e-05 1 0 0.5208808110464734 0.39413972833792177
