% # columns="iteration, evaluation, sigma, max axis length,  min axis length, all principal axes lengths  (sorted square roots of eigenvalues of C)", seed=550264, Thu Jul 24 10:55:02 2025
1 6 1.1664942686013866 1.0000250003125026 1.0 1.0 1.0000250003125026
2 12 1.0495591486386266 1.1877224779155735 0.905859535189358 0.905859535189358 1.1877224779155735
3 18 0.8818306818752523 1.17777505056287 0.7356320713384421 0.7356320713384421 1.17777505056287
4 24 0.6566078013154595 1.0382304089308312 0.6867535535396379 0.6867535535396379 1.0382304089308312
5 30 0.5627808601998814 0.971904592962573 0.5669764030006136 0.5669764030006136 0.971904592962573
6 36 0.5274438118397077 1.0023672384335218 0.4379320844741591 0.4379320844741591 1.0023672384335218
7 42 0.41172103321639114 0.9552779214487301 0.4077532108456769 0.4077532108456769 0.9552779214487301
8 48 0.3512457590992827 0.9313606182895224 0.31426367595182575 0.31426367595182575 0.9313606182895224
9 54 0.2748901932291288 0.7845123117213466 0.3107089855751527 0.3107089855751527 0.7845123117213466
10 60 0.2774229306233762 0.783904866247771 0.2440151937504926 0.2440151937504926 0.783904866247771
11 66 0.20399248755947694 0.801529341438233 0.2220426976675481 0.2220426976675481 0.801529341438233
12 72 0.16853017162350847 0.7552453285229772 0.19309622910544588 0.19309622910544588 0.7552453285229772
13 78 0.14957181959118807 0.6006406602839097 0.19256289483273883 0.19256289483273883 0.6006406602839097
14 84 0.12240741271574689 0.5202570622812663 0.18188571259423258 0.18188571259423258 0.5202570622812663
15 90 0.1071791437581214 0.5017755466619831 0.14970325699626374 0.14970325699626374 0.5017755466619831
16 96 0.0799076786768675 0.45920235575603674 0.14050045087719779 0.14050045087719779 0.45920235575603674
17 102 0.11653353978401393 0.44607502068399874 0.11105677310913438 0.11105677310913438 0.44607502068399874
18 108 0.12914063246902288 0.4923639975295357 0.11969508493002212 0.11969508493002212 0.4923639975295357
19 114 0.09558674305004317 0.47528533427817116 0.10730846956526167 0.10730846956526167 0.47528533427817116
20 120 0.07749051826235481 0.4241708565176686 0.0937271563729609 0.0937271563729609 0.4241708565176686
21 126 0.06831952700157179 0.37495085368871434 0.08602756634419385 0.08602756634419385 0.37495085368871434
22 132 0.055734743865157796 0.3672935844903934 0.0733473423328025 0.0733473423328025 0.3672935844903934
23 138 0.05410999940547596 0.3341169492212962 0.06396336011991959 0.06396336011991959 0.3341169492212962
24 144 0.05192337962462257 0.3312574378994776 0.056873892707045036 0.056873892707045036 0.3312574378994776
25 150 0.048088223137373085 0.318815039589367 0.054004426603707814 0.054004426603707814 0.318815039589367
26 156 0.053670821124431986 0.28164765345372295 0.052343651446892125 0.052343651446892125 0.28164765345372295
27 162 0.0428162470032928 0.24107573033105442 0.05882477911815817 0.05882477911815817 0.24107573033105442
28 168 0.04387053691956869 0.1941352812264087 0.057850310881569625 0.057850310881569625 0.1941352812264087
29 174 0.05070590925533089 0.21403903097216528 0.046287482904630396 0.046287482904630396 0.21403903097216528
30 180 0.0362598251178288 0.19687946527014794 0.051432072660802734 0.051432072660802734 0.19687946527014794
31 186 0.03564971886455888 0.15610604220670868 0.04961016289488429 0.04961016289488429 0.15610604220670868
32 192 0.03812241109980211 0.13826353998712798 0.05012319506327829 0.05012319506327829 0.13826353998712798
33 198 0.03664524998260173 0.12741634750866293 0.05013611935276001 0.05013611935276001 0.12741634750866293
34 204 0.05235824669272005 0.13342156630906096 0.041134705762313525 0.041134705762313525 0.13342156630906096
35 210 0.07017289806245272 0.19137267795514723 0.03305613239510334 0.03305613239510334 0.19137267795514723
36 216 0.05689584460393158 0.21430601604623617 0.029665194282362452 0.029665194282362452 0.21430601604623617
37 222 0.06994067340863191 0.18929914834051847 0.02624403337812512 0.02624403337812512 0.18929914834051847
38 228 0.06385636059434827 0.16940305473094885 0.031202828588373824 0.031202828588373824 0.16940305473094885
39 234 0.0467432374679919 0.13590308397235173 0.030715243029194077 0.030715243029194077 0.13590308397235173
40 240 0.04610476393723765 0.11608365330730565 0.027808883156610398 0.027808883156610398 0.11608365330730565
41 246 0.04039669237096953 0.12032680876094409 0.02436954479065117 0.02436954479065117 0.12032680876094409
42 252 0.04644108524544686 0.11575016128362454 0.02138054586496867 0.02138054586496867 0.11575016128362454
43 258 0.03545024063337236 0.12102538546263593 0.021467237748395783 0.021467237748395783 0.12102538546263593
44 264 0.04596013582736869 0.10707497440947254 0.018841466705015988 0.018841466705015988 0.10707497440947254
45 270 0.04145629197470122 0.13518787315109657 0.017751153426004515 0.017751153426004515 0.13518787315109657
46 276 0.04668277002506972 0.12694983755362607 0.016417165328219047 0.016417165328219047 0.12694983755362607
47 282 0.040704918034105815 0.12309051510621041 0.017054669839002688 0.017054669839002688 0.12309051510621041
48 288 0.031504269772782145 0.1093172465123864 0.015589661178564447 0.015589661178564447 0.1093172465123864
49 294 0.02533138808165959 0.09044751083416215 0.014692056787785292 0.014692056787785292 0.09044751083416215
50 300 0.022583910992443782 0.07857983626183451 0.01345263771484508 0.01345263771484508 0.07857983626183451
51 306 0.023666364484756078 0.06611852230065378 0.013188752376120483 0.013188752376120483 0.06611852230065378
52 312 0.017752895808103047 0.07436427008165558 0.010611354865509756 0.010611354865509756 0.07436427008165558
53 318 0.014799348595294994 0.06725527975569076 0.009104686777638298 0.009104686777638298 0.06725527975569076
54 324 0.011697460049219214 0.058044785990027985 0.008642770651265098 0.008642770651265098 0.058044785990027985
55 330 0.010555214680883336 0.04662764857332282 0.008384118797468377 0.008384118797468377 0.04662764857332282
56 336 0.010430946660391203 0.04416664001653161 0.007550947604225411 0.007550947604225411 0.04416664001653161
57 342 0.007569699126814125 0.04641162726997793 0.006544551699846134 0.006544551699846134 0.04641162726997793
58 348 0.0066780503263535905 0.03938576075229977 0.005932906945103601 0.005932906945103601 0.03938576075229977
59 354 0.005809839558245366 0.03811562190412094 0.005062876973342784 0.005062876973342784 0.03811562190412094
60 360 0.005259004871571217 0.03599326918833153 0.004637421984413886 0.004637421984413886 0.03599326918833153
61 366 0.0037947272162899325 0.034258541232893 0.004134905542175612 0.004134905542175612 0.034258541232893
62 372 0.003414985614872704 0.02978770542394517 0.003668595573476519 0.003668595573476519 0.02978770542394517
63 378 0.0031639770816476224 0.02611731651683198 0.003545157965732826 0.003545157965732826 0.02611731651683198
64 384 0.0031688946383330945 0.022478586104836235 0.003581348838212727 0.003581348838212727 0.022478586104836235
65 390 0.002417551744324699 0.022653197408125988 0.0032726137350434083 0.0032726137350434083 0.022653197408125988
66 396 0.0018743475283203204 0.019154418456716338 0.002989505748114466 0.002989505748114466 0.019154418456716338
67 402 0.0016989015486917822 0.018222013839428088 0.002451437402194921 0.002451437402194921 0.018222013839428088
68 408 0.0020029647220578648 0.01818643324999413 0.0020287104164232786 0.0020287104164232786 0.01818643324999413
69 414 0.0015903146329568423 0.016871150969138136 0.002409680617674496 0.002409680617674496 0.016871150969138136
70 420 0.0013142234933465355 0.015588657100586711 0.0021983687882097956 0.0021983687882097956 0.015588657100586711
71 426 0.0010456871858768142 0.01279922918546135 0.0021158566873135908 0.0021158566873135908 0.01279922918546135
72 432 0.00082929894392809 0.010947924285113325 0.001964828591367255 0.001964828591367255 0.010947924285113325
73 438 0.0006297999780055656 0.00983531397286387 0.0017158210314622774 0.0017158210314622774 0.00983531397286387
74 444 0.000473179633300379 0.008725087959490601 0.0014773299598510193 0.0014773299598510193 0.008725087959490601
75 450 0.00044786560262722984 0.007409225075732453 0.0013338272153313544 0.0013338272153313544 0.007409225075732453
76 456 0.00047968706107550963 0.006517589262388945 0.0013354794837879133 0.0013354794837879133 0.006517589262388945
77 462 0.00035989308564418436 0.005903885354325618 0.0014881762790352267 0.0014881762790352267 0.005903885354325618
78 468 0.0003983774962260945 0.004937635397283198 0.0013738461142669954 0.0013738461142669954 0.004937635397283198
79 474 0.0004073701186404734 0.0056653108247770876 0.0011878301299877326 0.0011878301299877326 0.0056653108247770876
80 480 0.00040201262266508094 0.005617519092992578 0.001249579003324999 0.001249579003324999 0.005617519092992578
81 486 0.0003475418536397689 0.004929497363891814 0.0012560813000766224 0.0012560813000766224 0.004929497363891814
82 492 0.0003166065973029644 0.004840097529337378 0.0011109867941860249 0.0011109867941860249 0.004840097529337378
83 498 0.00024002172713057001 0.004795411872776378 0.0009402128599858015 0.0009402128599858015 0.004795411872776378
84 504 0.00016922907044294303 0.004388411729658017 0.0008313338168664374 0.0008313338168664374 0.004388411729658017
85 510 0.00015869678146764358 0.0036656066957273413 0.0007507179958336437 0.0007507179958336437 0.0036656066957273413
86 516 0.00018365159183987247 0.0036567333681065697 0.0006557773245311886 0.0006557773245311886 0.0036567333681065697
87 522 0.00016897524724824193 0.004157833633087745 0.0005902739427324868 0.0005902739427324868 0.004157833633087745
88 528 0.00017286494297440847 0.003927291359645186 0.0005051072672795396 0.0005051072672795396 0.003927291359645186
89 534 0.00016875298549837606 0.0041348099178182334 0.0004742474194407996 0.0004742474194407996 0.0041348099178182334
90 540 0.00012474461593691273 0.0037157334776798585 0.00045603198009950023 0.00045603198009950023 0.0037157334776798585
91 546 0.00010712406354023625 0.0032157679925799024 0.00040114260776059093 0.00040114260776059093 0.0032157679925799024
91 546 0.00010712406354023625 0.0032157679925799024 0.00040114260776059093 0.00040114260776059093 0.0032157679925799024
