% # columns="iteration, evaluation, min max(neg(.)) min(pos(.)) max correlation, correlation matrix principal axes lengths  (sorted square roots of eigenvalues of correlation matrix)", seed=348792, Wed Jul 23 07:41:22 2025
1 6 0.17543077758231246 0.17543077758231246 0.17543077758231246 0.17543077758231246 0.9080579400113671 1.0841728541069051
2 12 -0.10757645169520638 -0.10757645169520638 -0.10757645169520638 -0.10757645169520638 0.9080579400113671 1.0841728541069051
3 18 -0.26796571618657844 -0.26796571618657844 -0.26796571618657844 -0.26796571618657844 0.8555900208706395 1.1260398377440197
4 24 -0.13932878886024427 -0.13932878886024427 -0.13932878886024427 -0.13932878886024427 0.8555900208706395 1.1260398377440197
5 30 -0.2842476799384626 -0.2842476799384626 -0.2842476799384626 -0.2842476799384626 0.846021465485089 1.1332465221382604
6 36 -0.22907323716744565 -0.22907323716744565 -0.22907323716744565 -0.22907323716744565 0.846021465485089 1.1332465221382604
7 42 -0.051847448106456105 -0.051847448106456105 -0.051847448106456105 -0.051847448106456105 0.9737312523964423 1.025596142790356
8 48 -0.2818033915849199 -0.2818033915849199 -0.2818033915849199 -0.2818033915849199 0.9737312523964423 1.025596142790356
9 54 -0.15046701777323576 -0.15046701777323576 -0.15046701777323576 -0.15046701777323576 0.9217011349818142 1.0725982555333733
10 60 0.07247961604334979 0.07247961604334979 0.07247961604334979 0.07247961604334979 0.9217011349818142 1.0725982555333733
11 66 0.2471770950481676 0.2471770950481676 0.2471770950481676 0.2471770950481676 0.8676536780028262 1.1167708337202256
12 72 0.5775154580507003 0.5775154580507003 0.5775154580507003 0.5775154580507003 0.8676536780028262 1.1167708337202256
13 78 0.7037785366944884 0.7037785366944884 0.7037785366944884 0.7037785366944884 0.5442623111198419 1.3052886794477643
14 84 0.7029019640238418 0.7029019640238418 0.7029019640238418 0.7029019640238418 0.5442623111198419 1.3052886794477643
15 90 0.7935023333377166 0.7935023333377166 0.7935023333377166 0.7935023333377166 0.45442014332804753 1.3392170598292559
16 96 0.830704321723113 0.830704321723113 0.830704321723113 0.830704321723113 0.45442014332804753 1.3392170598292559
17 102 0.853399416656597 0.853399416656597 0.853399416656597 0.853399416656597 0.3828845561568175 1.3613961277514333
18 108 0.8429422267175738 0.8429422267175738 0.8429422267175738 0.8429422267175738 0.3828845561568175 1.3613961277514333
19 114 0.7929386595736372 0.7929386595736372 0.7929386595736372 0.7929386595736372 0.4550399327821271 1.3390065942980405
20 120 0.7191482588919671 0.7191482588919671 0.7191482588919671 0.7191482588919671 0.4550399327821271 1.3390065942980405
21 126 0.6577097261954307 0.6577097261954307 0.6577097261954307 0.6577097261954307 0.5850557869165722 1.2875207672870488
22 132 0.5825808215553676 0.5825808215553676 0.5825808215553676 0.5825808215553676 0.5850557869165722 1.2875207672870488
23 138 0.5696651502144392 0.5696651502144392 0.5696651502144392 0.5696651502144392 0.6559991233115794 1.2528627818777438
24 144 0.3241512810438954 0.3241512810438954 0.3241512810438954 0.3241512810438954 0.6559991233115794 1.2528627818777438
25 150 0.475326392878084 0.475326392878084 0.475326392878084 0.475326392878084 0.7243435698078061 1.2146301465376546
26 156 0.5032640903536524 0.5032640903536524 0.5032640903536524 0.5032640903536524 0.7243435698078061 1.2146301465376546
27 162 0.31173119344742706 0.31173119344742706 0.31173119344742706 0.31173119344742706 0.8296196758470552 1.1453083399012804
28 168 0.3040162785843031 0.3040162785843031 0.3040162785843031 0.3040162785843031 0.8296196758470552 1.1453083399012804
29 174 0.30738695428204954 0.30738695428204954 0.30738695428204954 0.30738695428204954 0.8322337686719701 1.1434102300933158
30 180 0.19990171382806826 0.19990171382806826 0.19990171382806826 0.19990171382806826 0.8322337686719701 1.1434102300933158
31 186 -0.09018653988467357 -0.09018653988467357 -0.09018653988467357 -0.09018653988467357 0.9538414229395401 1.0441199834715709
32 192 -0.3524922407688303 -0.3524922407688303 -0.3524922407688303 -0.3524922407688303 0.9538414229395401 1.0441199834715709
33 198 -0.6344319329109116 -0.6344319329109116 -0.6344319329109116 -0.6344319329109116 0.6046222515662886 1.27844903414681
34 204 -0.6739742050254549 -0.6739742050254549 -0.6739742050254549 -0.6739742050254549 0.6046222515662886 1.27844903414681
35 210 -0.7100538214076624 -0.7100538214076624 -0.7100538214076624 -0.7100538214076624 0.5384665064721645 1.3076902620298363
36 216 -0.7882631269910559 -0.7882631269910559 -0.7882631269910559 -0.7882631269910559 0.5384665064721645 1.3076902620298363
37 222 -0.8525255034123017 -0.8525255034123017 -0.8525255034123017 -0.8525255034123017 0.38402408334334753 1.3610751277619841
38 228 -0.8972606362663048 -0.8972606362663048 -0.8972606362663048 -0.8972606362663048 0.38402408334334753 1.3610751277619841
39 234 -0.920775140012054 -0.920775140012054 -0.920775140012054 -0.920775140012054 0.2814691101843075 1.3859203223894416
40 240 -0.9466403498271632 -0.9466403498271632 -0.9466403498271632 -0.9466403498271632 0.2814691101843075 1.3859203223894416
41 246 -0.9730381210328307 -0.9730381210328307 -0.9730381210328307 -0.9730381210328307 0.1642007276694272 1.4046487536152341
42 252 -0.9756144199381499 -0.9756144199381499 -0.9756144199381499 -0.9756144199381499 0.1642007276694272 1.4046487536152341
43 258 -0.9716751374425111 -0.9716751374425111 -0.9716751374425111 -0.9716751374425111 0.16829991847142758 1.4041635009650804
44 264 -0.9755467039893234 -0.9755467039893234 -0.9755467039893234 -0.9755467039893234 0.16829991847142758 1.4041635009650804
45 270 -0.9769316929359336 -0.9769316929359336 -0.9769316929359336 -0.9769316929359336 0.1518825436449709 1.4060340297929967
46 276 -0.9786526237732277 -0.9786526237732277 -0.9786526237732277 -0.9786526237732277 0.1518825436449709 1.4060340297929967
47 282 -0.9794341053256543 -0.9794341053256543 -0.9794341053256543 -0.9794341053256543 0.143408140195547 1.4069236316608142
48 288 -0.9722993125212518 -0.9722993125212518 -0.9722993125212518 -0.9722993125212518 0.143408140195547 1.4069236316608142
49 294 -0.9570613626898726 -0.9570613626898726 -0.9570613626898726 -0.9570613626898726 0.20721640212620043 1.3989500929946974
50 300 -0.9648719699540852 -0.9648719699540852 -0.9648719699540852 -0.9648719699540852 0.20721640212620043 1.3989500929946974
51 306 -0.9563524954366136 -0.9563524954366136 -0.9563524954366136 -0.9563524954366136 0.20891985200881796 1.3986967131714487
52 312 -0.9541099899893462 -0.9541099899893462 -0.9541099899893462 -0.9541099899893462 0.20891985200881796 1.3986967131714487
53 318 -0.9576867710784 -0.9576867710784 -0.9576867710784 -0.9576867710784 0.20570179610688866 1.3991736029093744
54 324 -0.9660560355704826 -0.9660560355704826 -0.9660560355704826 -0.9660560355704826 0.20570179610688866 1.3991736029093744
55 330 -0.9738459105153424 -0.9738459105153424 -0.9738459105153424 -0.9738459105153424 0.16172226032509485 1.4049362656417346
56 336 -0.9797679398450723 -0.9797679398450723 -0.9797679398450723 -0.9797679398450723 0.16172226032509485 1.4049362656417346
57 342 -0.9751679512473367 -0.9751679512473367 -0.9751679512473367 -0.9751679512473367 0.15758187951875505 1.4054066853574223
58 348 -0.9812090577503595 -0.9812090577503595 -0.9812090577503595 -0.9812090577503595 0.15758187951875505 1.4054066853574223
59 354 -0.9770329890086327 -0.9770329890086327 -0.9770329890086327 -0.9770329890086327 0.15154870831309483 1.4060700512451834
60 360 -0.9866199433684018 -0.9866199433684018 -0.9866199433684018 -0.9866199433684018 0.15154870831309483 1.4060700512451834
61 366 -0.9774854036236456 -0.9774854036236456 -0.9774854036236456 -0.9774854036236456 0.15004864669951024 1.4062309211589843
62 372 -0.9660472514723227 -0.9660472514723227 -0.9660472514723227 -0.9660472514723227 0.15004864669951024 1.4062309211589843
63 378 -0.953174875774856 -0.953174875774856 -0.953174875774856 -0.953174875774856 0.21639113712244357 1.397560329923133
64 384 -0.9523637523046826 -0.9523637523046826 -0.9523637523046826 -0.9523637523046826 0.21639113712244357 1.397560329923133
65 390 -0.963787123492283 -0.963787123492283 -0.963787123492283 -0.963787123492283 0.19029681160680803 1.4013518913864151
66 396 -0.9535071049324311 -0.9535071049324311 -0.9535071049324311 -0.9535071049324311 0.19029681160680803 1.4013518913864151
67 402 -0.9294457817274564 -0.9294457817274564 -0.9294457817274564 -0.9294457817274564 0.26562044023859244 1.3890449171021995
68 408 -0.9238365187466827 -0.9238365187466827 -0.9238365187466827 -0.9238365187466827 0.26562044023859244 1.3890449171021995
69 414 -0.9076094842637675 -0.9076094842637675 -0.9076094842637675 -0.9076094842637675 0.30395808220251735 1.3811623670893178
70 420 -0.9352536850567493 -0.9352536850567493 -0.9352536850567493 -0.9352536850567493 0.30395808220251735 1.3811623670893178
71 426 -0.9447822559421102 -0.9447822559421102 -0.9447822559421102 -0.9447822559421102 0.23498456131816353 1.3945545008862543
72 432 -0.9469114591471359 -0.9469114591471359 -0.9469114591471359 -0.9469114591471359 0.23498456131816353 1.3945545008862543
73 438 -0.971949867051308 -0.971949867051308 -0.971949867051308 -0.971949867051308 0.16748173914995038 1.404261324345048
74 444 -0.9687889316376689 -0.9687889316376689 -0.9687889316376689 -0.9687889316376689 0.16748173914995038 1.404261324345048
75 450 -0.9577478517501533 -0.9577478517501533 -0.9577478517501533 -0.9577478517501533 0.20555327350798103 1.39919543014911
76 456 -0.9493919417972898 -0.9493919417972898 -0.9493919417972898 -0.9493919417972898 0.20555327350798103 1.39919543014911
77 462 -0.9338764308522514 -0.9338764308522514 -0.9338764308522514 -0.9338764308522514 0.2571450352383816 1.3906388570913195
78 468 -0.904555899179203 -0.904555899179203 -0.904555899179203 -0.904555899179203 0.2571450352383816 1.3906388570913195
79 474 -0.9156533715284461 -0.9156533715284461 -0.9156533715284461 -0.9156533715284461 0.29042491021183764 1.3840713029061928
80 480 -0.8936383521608149 -0.8936383521608149 -0.8936383521608149 -0.8936383521608149 0.29042491021183764 1.3840713029061928
81 486 -0.8995570920766446 -0.8995570920766446 -0.8995570920766446 -0.8995570920766446 0.31692729122522034 1.3782442062554243
82 492 -0.922313861272274 -0.922313861272274 -0.922313861272274 -0.922313861272274 0.31692729122522034 1.3782442062554243
83 498 -0.8968107365257334 -0.8968107365257334 -0.8968107365257334 -0.8968107365257334 0.3212308569771383 1.377247521880411
84 504 -0.8947626060694951 -0.8947626060694951 -0.8947626060694951 -0.8947626060694951 0.3212308569771383 1.377247521880411
85 510 -0.8650011643530847 -0.8650011643530847 -0.8650011643530847 -0.8650011643530847 0.36742187693020584 1.3656504546746524
86 516 -0.7869299234635072 -0.7869299234635072 -0.7869299234635072 -0.7869299234635072 0.36742187693020584 1.3656504546746524
87 522 -0.7806995803386998 -0.7806995803386998 -0.7806995803386998 -0.7806995803386998 0.4682952270323712 1.3344285594735672
88 528 -0.7596249650036132 -0.7596249650036132 -0.7596249650036132 -0.7596249650036132 0.4682952270323712 1.3344285594735672
89 534 -0.6990810879493005 -0.6990810879493005 -0.6990810879493005 -0.6990810879493005 0.5485607642282663 1.3034880467228307
90 540 -0.6669546951658022 -0.6669546951658022 -0.6669546951658022 -0.6669546951658022 0.5485607642282663 1.3034880467228307
91 546 -0.5573863575848736 -0.5573863575848736 -0.5573863575848736 -0.5573863575848736 0.6652921481688525 1.247952866732103
92 552 -0.6072892148370287 -0.6072892148370287 -0.6072892148370287 -0.6072892148370287 0.6652921481688525 1.247952866732103
93 558 -0.6719561210308695 -0.6719561210308695 -0.6719561210308695 -0.6719561210308695 0.572751149251689 1.293041422782298
94 564 -0.45809018973433896 -0.45809018973433896 -0.45809018973433896 -0.45809018973433896 0.572751149251689 1.293041422782298
95 570 -0.36413384935604165 -0.36413384935604165 -0.36413384935604165 -0.36413384935604165 0.7974121585754498 1.1679614074771656
96 576 -0.36435079467726156 -0.36435079467726156 -0.36435079467726156 -0.36435079467726156 0.7974121585754498 1.1679614074771656
97 582 -0.2750979531941581 -0.2750979531941581 -0.2750979531941581 -0.2750979531941581 0.8514117962571589 1.129202352633999
98 588 -0.1729752316382194 -0.1729752316382194 -0.1729752316382194 -0.1729752316382194 0.8514117962571589 1.129202352633999
99 594 -0.14671284378391647 -0.14671284378391647 -0.14671284378391647 -0.14671284378391647 0.9237354362673783 1.0708467881933048
100 600 -0.10624252188915455 -0.10624252188915455 -0.10624252188915455 -0.10624252188915455 0.9237354362673783 1.0708467881933048
101 606 -0.10454834630500034 -0.10454834630500034 -0.10454834630500034 -0.10454834630500034 0.94628307270869 1.0509749503698935
102 612 -0.14278967216664554 -0.14278967216664554 -0.14278967216664554 -0.14278967216664554 0.94628307270869 1.0509749503698935
103 618 -0.07987373272202265 -0.07987373272202265 -0.07987373272202265 -0.07987373272202265 0.959232123772957 1.0391697323931364
104 624 0.12590403116486354 0.12590403116486354 0.12590403116486354 0.12590403116486354 0.959232123772957 1.0391697323931364
105 630 0.1413684675632436 0.1413684675632436 0.1413684675632436 0.1413684675632436 0.9266237275381828 1.0683484766513422
106 636 0.11863598117229877 0.11863598117229877 0.11863598117229877 0.11863598117229877 0.9266237275381828 1.0683484766513422
107 642 0.09607475783097025 0.09607475783097025 0.09607475783097025 0.09607475783097025 0.9507498315377343 1.0469358900290744
108 648 0.07393578900657569 0.07393578900657569 0.07393578900657569 0.07393578900657569 0.9507498315377343 1.0469358900290744
109 654 0.03755009950383618 0.03755009950383618 0.03755009950383618 0.03755009950383618 0.9810453101137396 1.0186020319554818
110 660 0.09193499813724793 0.09193499813724793 0.09193499813724793 0.09193499813724793 0.9810453101137396 1.0186020319554818
111 666 -0.03659790063341482 -0.03659790063341482 -0.03659790063341482 -0.03659790063341482 0.9815304882511726 1.018134519910515
112 672 0.02959320751408191 0.02959320751408191 0.02959320751408191 0.02959320751408191 0.9815304882511726 1.018134519910515
113 678 0.01590473895877325 0.01590473895877325 0.01590473895877325 0.01590473895877325 0.9920157564480651 1.0079209983717836
114 684 -0.28866084909188466 -0.28866084909188466 -0.28866084909188466 -0.28866084909188466 0.9920157564480651 1.0079209983717836
115 690 -0.1704038143619191 -0.1704038143619191 -0.1704038143619191 -0.1704038143619191 0.9108217090287654 1.0818520297905436
116 696 -0.04251027396270664 -0.04251027396270664 -0.04251027396270664 -0.04251027396270664 0.9108217090287654 1.0818520297905436
117 702 0.05073861268561927 0.05073861268561927 0.05073861268561927 0.05073861268561927 0.9743004604917215 1.0250554193240573
118 708 -0.2422037282426813 -0.2422037282426813 -0.2422037282426813 -0.2422037282426813 0.9743004604917215 1.0250554193240573
119 714 -0.43196089452094144 -0.43196089452094144 -0.43196089452094144 -0.43196089452094144 0.7536836906017395 1.1966456846205318
120 720 -0.5191477991327468 -0.5191477991327468 -0.5191477991327468 -0.5191477991327468 0.7536836906017395 1.1966456846205318
121 726 -0.4118282724881126 -0.4118282724881126 -0.4118282724881126 -0.4118282724881126 0.7669235473708493 1.1882038009062723
122 732 -0.353228270868189 -0.353228270868189 -0.353228270868189 -0.353228270868189 0.7669235473708493 1.1882038009062723
123 738 -0.39593491226900845 -0.39593491226900845 -0.39593491226900845 -0.39593491226900845 0.7772162425805264 1.1814968947352373
124 744 -0.2302706965131796 -0.2302706965131796 -0.2302706965131796 -0.2302706965131796 0.7772162425805264 1.1814968947352373
125 750 -0.21351089606067952 -0.21351089606067952 -0.21351089606067952 -0.21351089606067952 0.8868422091552255 1.1015947058971731
126 756 0.03500094837588759 0.03500094837588759 0.03500094837588759 0.03500094837588759 0.8868422091552255 1.1015947058971731
127 762 -0.0009994443967372816 -0.0009994443967372816 -0.0009994443967372816 -0.0009994443967372816 0.9995001528780587 1.0004995973995878
128 768 0.15522008446288463 0.15522008446288463 0.15522008446288463 0.15522008446288463 0.9995001528780587 1.0004995973995878
129 774 -0.0016674140515247327 -0.0016674140515247327 -0.0016674140515247327 -0.0016674140515247327 0.9991659451504916 1.0008333597814996
130 780 0.09925521926158201 0.09925521926158201 0.09925521926158201 0.09925521926158201 0.9991659451504916 1.0008333597814996
131 786 0.3311893696294225 0.3311893696294225 0.3311893696294225 0.3311893696294225 0.817808431339869 1.1537718013669005
132 792 0.45369603838092404 0.45369603838092404 0.45369603838092404 0.45369603838092404 0.817808431339869 1.1537718013669005
133 798 0.3635298638216189 0.3635298638216189 0.3635298638216189 0.3635298638216189 0.7977907847163823 1.1677028148555688
134 804 0.39000059339422155 0.39000059339422155 0.39000059339422155 0.39000059339422155 0.7977907847163823 1.1677028148555688
135 810 0.21033856912552445 0.21033856912552445 0.21033856912552445 0.21033856912552445 0.8886289613075163 1.1001538842932495
136 816 -0.011708745037810407 -0.011708745037810407 -0.011708745037810407 -0.011708745037810407 0.8886289613075163 1.1001538842932495
137 822 0.07091774793929626 0.07091774793929626 0.07091774793929626 0.07091774793929626 0.9638891285104859 1.0348515584079179
138 828 -0.0495992699585452 -0.0495992699585452 -0.0495992699585452 -0.0495992699585452 0.9638891285104859 1.0348515584079179
139 834 0.02796427269762801 0.02796427269762801 0.02796427269762801 0.02796427269762801 0.9859187224626441 1.0138857296054757
140 840 -0.11803227391580788 -0.11803227391580788 -0.11803227391580788 -0.11803227391580788 0.9859187224626441 1.0138857296054757
141 846 -0.08138903754611196 -0.08138903754611196 -0.08138903754611196 -0.08138903754611196 0.9584419452704938 1.0398985707972253
142 852 0.10406536481237232 0.10406536481237232 0.10406536481237232 0.10406536481237232 0.9584419452704938 1.0398985707972253
143 858 0.24422589742115386 0.24422589742115386 0.24422589742115386 0.24422589742115386 0.869352691707368 1.1154487426238617
144 864 0.21020460193183818 0.21020460193183818 0.21020460193183818 0.21020460193183818 0.869352691707368 1.1154487426238617
145 870 0.11143726656343383 0.11143726656343383 0.11143726656343383 0.11143726656343383 0.9426360556633541 1.0542472511528942
146 876 0.16225653176734534 0.16225653176734534 0.16225653176734534 0.16225653176734534 0.9426360556633541 1.0542472511528942
147 882 0.11843377406754602 0.11843377406754602 0.11843377406754602 0.11843377406754602 0.9389175820765389 1.0575602933485855
148 888 -0.011981617221528854 -0.011981617221528854 -0.011981617221528854 -0.011981617221528854 0.9389175820765389 1.0575602933485855
148 888 -0.011981617221528854 -0.011981617221528854 -0.011981617221528854 -0.011981617221528854 0.9389175820765389 1.0575602933485855
