% # columns="iteration, evaluation, sigma, axis ratio, bestever, best, median, worst objective function value, interquartile range, further/more values", seed=550264, Thu Jul 24 10:55:02 2025, <python>{}</python>
1 6 1.1664942686013866 1.0000250003125026 0.05613589170729596 5.6135891707295958e-02 4.974877370042911 16.337667115336313 8.207905540858661   
2 12 1.0495591486386266 1.3111552418193575 0.05613589170729596 9.9614533089350449e-02 5.695115661524495 73.99556239406995 10.416385656925646   
3 18 0.8818306818752523 1.6010382043566602 0.05613589170729596 8.2376842036614284e-01 12.420322649980632 100.39786077793704 22.900870559016965   
4 24 0.6566078013154595 1.5117947385632375 0.05613589170729596 1.5178870891935387e-01 8.237111815899711 15.606160778391517 11.798416065474283   
5 30 0.5627808601998814 1.7141887877854438 0.05613589170729596 2.7007162379066418e-01 7.417169839099451 28.162204445832344 18.5589078693121   
6 36 0.5274438118397077 2.2888645841902644 0.05613589170729596 1.0185999913941451e-01 4.304948457802607 6.554799422376047 3.541080380721376   
7 42 0.41172103321639114 2.342784547220343 0.04267117927848734 4.2671179278487341e-02 1.682817159739103 8.13855652124544 2.6953686765922242   
8 48 0.3512457590992827 2.963627964538584 0.04267117927848734 4.3296930149580345e-02 1.490824487607172 11.448605311777573 5.423382717987385   
9 54 0.2748901932291288 2.5249102798528265 0.04267117927848734 7.7096411022021014e-02 0.5628763029441802 1.352911999742137 0.7906110219913568   
10 60 0.2774229306233762 3.2125248194557905 0.04267117927848734 5.3708316043809129e-02 0.4498210589448221 1.3141438711831592 0.8694863630745131   
11 66 0.20399248755947694 3.6097982498767744 0.04267117927848734 6.2796435970406878e-02 0.1632777211129947 1.3222958737210482 1.0679569883098625   
12 72 0.16853017162350847 3.911238101447094 0.04267117927848734 4.6742008232141301e-02 0.13911405070260247 0.2728922676107492 0.18483836955599384   
13 78 0.14957181959118807 3.119192099836417 0.04267117927848734 4.4147721746901444e-02 0.05217799097588 0.10067934913549934 0.002727784108139536   
14 84 0.12240741271574689 2.860351452903306 0.04267117927848734 4.5999612659309401e-02 0.06840810960901907 0.24057152138686652 0.06660162512426812   
15 90 0.1071791437581214 3.351801134657386 0.04267117927848734 4.5877348633968459e-02 0.07667367472557832 0.09959179365722107 0.04455093491488116   
16 96 0.0799076786768675 3.268333680703953 0.04267117927848734 4.5328479663935370e-02 0.06165456417549052 0.09057831008626478 0.018482623336231803   
17 102 0.11653353978401393 4.016639491637717 0.04121436717793498 4.1214367177934981e-02 0.05094457469545835 0.06030025924335269 0.016416803087074577   
18 108 0.12914063246902288 4.1134855104316825 0.04121436717793498 4.1729410521615100e-02 0.05162607428713243 0.07550660028766057 0.010894723104519895   
19 114 0.09558674305004317 4.42915024511758 0.04094679753199291 4.0946797531992908e-02 0.060246344364591295 0.21970433019657265 0.04809103010202503   
20 120 0.07749051826235481 4.525591866137492 0.04094679753199291 4.2293965466334155e-02 0.047419406149806824 0.05733686513609387 0.008080966750975416   
21 126 0.06831952700157179 4.3584965799049415 0.04094679753199291 4.2085436030926328e-02 0.04483148738536978 0.048328742035427044 0.0033006370982336386   
22 132 0.055734743865157796 5.007592269994653 0.04094679753199291 4.2589964695346878e-02 0.04583680139069133 0.0490375784214491 0.004418609197894219   
23 138 0.05410999940547596 5.223567814368853 0.04094679753199291 4.1706274867099248e-02 0.0427501019173969 0.04410959210775901 0.0014548262371682913   
24 144 0.05192337962462257 5.8244199954058065 0.04094679753199291 4.1186356974354202e-02 0.04260531076454666 0.047914434692137256 0.0018947588999989537   
25 150 0.048088223137373085 5.90349828040722 0.04094679753199291 4.1018516491141077e-02 0.042126029039940664 0.042418945218233195 0.0008495618243574421   
26 156 0.053670821124431986 5.38074142075248 0.040803479682162386 4.0803479682162386e-02 0.04154106265515457 0.042141414872179185 0.0006474283294714556   
27 162 0.0428162470032928 4.098200349325895 0.040803479682162386 4.1159647551774682e-02 0.041366945676169574 0.04176331989435159 0.0003960133765967336   
28 168 0.04387053691956869 3.35582088096017 0.04068666861228841 4.0686668612288410e-02 0.04095346277796919 0.041259007270034634 0.0002540001653028104   
29 174 0.05070590925533089 4.624123359940874 0.04043537802479926 4.0435378024799261e-02 0.040996338162288024 0.041716878840068444 0.00037207115757223463   
30 180 0.0362598251178288 3.8279512196325145 0.04043537802479926 4.0571716343311394e-02 0.04082708957296815 0.04122086993644062 0.00039058417554795055   
31 186 0.03564971886455888 3.146654497738125 0.04043537802479926 4.0519689351569126e-02 0.04072417449939124 0.041084797085713505 0.00011552298723603582   
32 192 0.03812241109980211 2.7584741916906226 0.04043537802479926 4.0441065198630825e-02 0.04072365513371477 0.041352798452473985 0.0005732454314382671   
33 198 0.03664524998260173 2.541408253242652 0.04031296691114393 4.0312966911143930e-02 0.040671345831539335 0.0413309940061019 0.000199031255131564   
34 204 0.05235824669272005 3.2435279124154595 0.04016076840442132 4.0160768404421322e-02 0.04041811407199502 0.040526027420127037 0.0001379348134471492   
35 210 0.07017289806245272 5.7893245243504525 0.040078873161195426 4.0078873161195426e-02 0.040400899119159374 0.041131142784655884 0.0006975426014819014   
36 216 0.05689584460393158 7.224156835327135 0.040078873161195426 4.0156158513269258e-02 0.04045209061208367 0.0408041759191776 0.0003009151316791664   
37 222 0.06994067340863191 7.213035649402228 0.04002838266612783 4.0028382666127828e-02 0.04025648503288926 0.04059809726568811 0.00020274772043019085   
38 228 0.06385636059434827 5.429092886600301 0.04002838266612783 4.0037638227025954e-02 0.040294050528692255 0.040427129165122165 0.0003571288429302377   
39 234 0.0467432374679919 4.424613663098131 0.04002838266612783 4.0055297829360084e-02 0.04014459409209987 0.04040128300283727 6.204362438646388e-05   
40 240 0.04610476393723765 4.174337122910009 0.040016235353746474 4.0016235353746474e-02 0.040075220952447074 0.04011358442367708 6.643650517527272e-05   
41 246 0.04039669237096953 4.937589511606502 0.040016235353746474 4.0047470226975676e-02 0.04009640757276267 0.04021435692777441 0.00011799626698834331   
42 252 0.04644108524544686 5.413807580716516 0.040008640752988135 4.0008640752988135e-02 0.040036506347820786 0.04007158583349364 1.5727204561007124e-05   
43 258 0.03545024063337236 5.637678535128721 0.040008640752988135 4.0012995670913515e-02 0.0400593830101007 0.04010413500493851 3.146365016772068e-05   
44 264 0.04596013582736869 5.682942633174464 0.04000133736323557 4.0001337363235571e-02 0.040047039357722455 0.04011562826705551 4.530178701716431e-05   
45 270 0.04145629197470122 7.615723322691435 0.04000133736323557 4.0016410323041353e-02 0.04005261255410741 0.040135279045892064 7.098043078526683e-05   
46 276 0.04668277002506972 7.732750143864071 0.04000086898435694 4.0000868984356938e-02 0.040013978487119344 0.04005850593710216 4.597209310203132e-05   
47 282 0.040704918034105815 7.2174082681279526 0.04000086898435694 4.0008394512740561e-02 0.04005008253900677 0.04008191725394083 4.8424265001102695e-05   
48 288 0.031504269772782145 7.0121630778413575 0.04000086898435694 4.0002895377082119e-02 0.04000829757982141 0.0400177005063357 9.266220183684615e-06   
49 294 0.02533138808165959 6.156218434260244 0.04000086898435694 4.0001065910469424e-02 0.04001331264741454 0.0400347789956842 2.5412351547120238e-05   
50 300 0.022583910992443782 5.841221471022081 0.040000157494412415 4.0000157494412415e-02 0.040004727756736164 0.0400106517942822 6.266511356461946e-06   
51 306 0.023666364484756078 5.013250716600592 0.040000157494412415 4.0000527614452594e-02 0.04000335563026005 0.040005971190094226 3.1677038556457426e-06   
52 312 0.017752895808103047 7.007990122294644 0.040000024630969015 4.0000024630969015e-02 0.04000376209250627 0.040007110719814894 3.764724703453348e-06   
53 318 0.014799348595294994 7.38688561158129 0.040000024630969015 4.0000473261311120e-02 0.04000361689701152 0.04000738528914928 3.8249796084841026e-06   
54 324 0.011697460049219214 6.715992860637994 0.040000024630969015 4.0000140939916745e-02 0.04000163625803073 0.0400042245540831 2.727000915594968e-06   
55 330 0.010555214680883336 5.561425082311841 0.040000024630969015 4.0000127723318762e-02 0.04000067610273787 0.04000131032758584 9.144219332846149e-07   
56 336 0.010430946660391203 5.84915196495557 0.040000024630969015 4.0000048468353436e-02 0.040000383704309854 0.040000617915494065 3.1205906366599256e-07   
57 342 0.007569699126814125 7.091643461395392 0.040000024630969015 4.0000046165365961e-02 0.04000018847644011 0.04000073876994966 6.507483310408402e-07   
58 348 0.0066780503263535905 6.638526630660311 0.040000016606718224 4.0000016606718224e-02 0.04000009075629584 0.04000028776064884 1.1973471487208842e-07   
59 354 0.005809839558245366 7.528451136539262 0.040000016606718224 4.0000027917993668e-02 0.0400001339776078 0.0400003241231021 1.9500240257958046e-07   
60 360 0.005259004871571217 7.761482416157701 0.04000000059034891 4.0000000590348909e-02 0.04000001873564485 0.04000013692239519 7.776382648233549e-08   
61 366 0.0037947272162899325 8.285205280618722 0.04000000059034891 4.0000005142743801e-02 0.040000059947004694 0.040000104421251195 8.441891977128968e-08   
62 372 0.003414985614872704 8.119648194340773 0.04000000059034891 4.0000006423846247e-02 0.0400000155108437 0.04000007083572055 8.560824993342209e-09   
63 378 0.0031639770816476224 7.367038865201377 0.04000000049540677 4.0000000495406772e-02 0.04000001583158863 0.04000003520842283 1.579487393654766e-08   
64 384 0.0031688946383330945 6.2765698401092305 0.04000000049540677 4.0000000556689473e-02 0.04000001061800344 0.040000017908707164 1.445704032182471e-08   
65 390 0.002417551744324699 6.922050459409172 0.04000000029385035 4.0000000293850348e-02 0.0400000040047768 0.040000016297932844 5.925335312684243e-09   
66 396 0.0018743475283203204 6.4072191427620995 0.04000000018130984 4.0000000181309843e-02 0.04000000223354771 0.040000005008120544 3.938426904048775e-09   
67 402 0.0016989015486917822 7.43319565211529 0.040000000146311894 4.0000000146311894e-02 0.04000000178371336 0.04000000605510086 1.7500007484794189e-09   
68 408 0.0020029647220578648 8.96452894546564 0.040000000146311894 4.0000000303891600e-02 0.040000001262863225 0.04000000199074823 1.343110796192537e-09   
69 414 0.0015903146329568423 7.001405433314201 0.04000000006869293 4.0000000068692927e-02 0.0400000009184469 0.040000008689801136 1.5781541837234236e-09   
70 420 0.0013142234933465355 7.091010927825749 0.04000000005777433 4.0000000057774328e-02 0.04000000016977654 0.040000001210312906 7.260926443430904e-10   
71 426 0.0010456871858768142 6.049194759836009 0.04000000004580623 4.0000000045806228e-02 0.04000000020021055 0.040000000288348644 1.4228880573785574e-10   
72 432 0.00082929894392809 5.5719487863799095 0.04000000000443201 4.0000000004432011e-02 0.04000000012829422 0.04000000083337534 2.7385266276880316e-10   
73 438 0.0006297999780055656 5.732132776389797 0.040000000002759425 4.0000000002759425e-02 0.04000000008187415 0.04000000015869263 9.436776360338683e-11   
74 444 0.000473179633300379 5.905984577995344 0.04000000000087862 4.0000000000878617e-02 0.04000000001334672 0.040000000035908874 1.6244519618346942e-11   
75 450 0.00044786560262722984 5.5548612223299285 0.04000000000087862 4.0000000002564415e-02 0.04000000000529046 0.040000000033851 7.887426822783539e-12   
76 456 0.00047968706107550963 4.880336494502075 0.04000000000087862 4.0000000008551390e-02 0.040000000021300754 0.04000000003645153 1.216309691853823e-11   
77 462 0.00035989308564418436 3.967194906609492 0.04000000000087862 4.0000000002309424e-02 0.04000000001848313 0.040000000090469494 1.3617440508539858e-11   
78 468 0.0003983774962260945 3.594023628998386 0.04000000000087862 4.0000000001756499e-02 0.04000000000693509 0.040000000023625616 3.1642605202719665e-12   
79 474 0.0004073701186404734 4.769462132464679 0.04000000000087862 4.0000000006195108e-02 0.040000000015943636 0.040000000021741394 9.210861240394053e-12   
80 480 0.00040201262266508094 4.495529356723302 0.04000000000087862 4.0000000007260367e-02 0.04000000001349163 0.04000000003927094 8.251968552919209e-12   
81 486 0.0003475418536397689 3.924505016985054 0.04000000000087862 4.0000000002086915e-02 0.04000000001017405 0.040000000024647514 9.939805922787315e-12   
82 492 0.0003166065973029644 4.356575212834571 0.040000000000140416 4.0000000000140416e-02 0.04000000000642602 0.04000000000957647 8.614997604183827e-12   
83 498 0.00024002172713057001 5.100347035083945 0.040000000000140416 4.0000000000711057e-02 0.04000000000387766 0.04000000000855827 2.6920549123232718e-12   
84 504 0.00016922907044294303 5.278760036731505 0.040000000000140416 4.0000000000229866e-02 0.04000000000151201 0.04000000000324606 1.0004358452775364e-12   
85 510 0.00015869678146764358 4.88280115312385 0.040000000000013525 4.0000000000013525e-02 0.0400000000003568 0.040000000004423754 1.3026663081561196e-12   
86 516 0.00018365159183987247 5.576181473979369 0.040000000000013525 4.0000000000138348e-02 0.04000000000048827 0.04000000000064142 3.254063685176334e-13   
87 522 0.00016897524724824193 7.043905095726177 0.040000000000013525 4.0000000000264012e-02 0.04000000000051869 0.04000000000167761 3.268635362374539e-13   
88 528 0.00017286494297440847 7.7751630476378 0.040000000000013525 4.0000000000051987e-02 0.040000000000218645 0.04000000000081165 2.1470325517469746e-13   
89 534 0.00016875298549837606 8.718676682930022 0.040000000000013525 4.0000000000148701e-02 0.040000000000504674 0.040000000001783435 3.7932851304489645e-13   
90 540 0.00012474461593691273 8.147966896683723 0.040000000000013525 4.0000000000065934e-02 0.04000000000040712 0.040000000000492995 3.5523667341053056e-13   
91 546 0.00010712406354023625 8.016520634724323 0.04000000000001175 4.0000000000011748e-02 0.04000000000003815 0.040000000000431746 2.7663288326706947e-13   
