% # columns="iteration, evaluation, sigma, beta, void,  sigvec==sigma_vec.scaling factors from diagonal decoding", seed=348792, Wed Jul 23 07:41:22 2025, <python>{}</python>
1 6 0.825778144174231 1 0 0.6 0.5999850001874985
2 12 0.7828373788383185 1 0 0.6 0.5999850001874985
3 18 1.3383268337942027 1 0 0.45178212911329074 0.5734226263739776
4 24 1.399069209560236 1 0 0.45178212911329074 0.5734226263739776
5 30 1.1635441845900039 1 0 0.45178212911329074 0.5734226263739776
6 36 1.1518374370994555 1 0 0.45178212911329074 0.5734226263739776
7 42 0.9594294734009707 1 0 0.45178212911329074 0.5734226263739776
8 48 1.157034007193109 1 0 0.45178212911329074 0.5734226263739776
9 54 1.2913778368320572 1 0 0.45178212911329074 0.5734226263739776
10 60 1.1055419973742806 1 0 0.45178212911329074 0.5734226263739776
11 66 1.0467312359632237 1 0 0.45178212911329074 0.5734226263739776
12 72 1.3301631365793414 1 0 0.45178212911329074 0.5734226263739776
13 78 1.6797850117431394 1 0 0.34097352284904225 0.44490997422552986
14 84 1.4503421725054242 1 0 0.34097352284904225 0.44490997422552986
15 90 1.270750177693114 1 0 0.34097352284904225 0.44490997422552986
16 96 1.2945982997368803 1 0 0.34097352284904225 0.44490997422552986
17 102 1.0954359282324384 1 0 0.34097352284904225 0.44490997422552986
18 108 0.8469311821786707 1 0 0.34097352284904225 0.44490997422552986
19 114 0.6319551493626693 1 0 0.34097352284904225 0.44490997422552986
20 120 0.47610464336284714 1 0 0.34097352284904225 0.44490997422552986
21 126 0.3784177409345773 1 0 0.34097352284904225 0.44490997422552986
22 132 0.4462467861674765 1 0 0.34097352284904225 0.44490997422552986
23 138 0.37792301078978136 1 0 0.34097352284904225 0.44490997422552986
24 144 0.39660343552981375 1 0 0.34097352284904225 0.44490997422552986
25 150 0.3006936473852363 1 0 0.34097352284904225 0.44490997422552986
26 156 0.3134862598080174 1 0 0.34097352284904225 0.44490997422552986
27 162 0.3110010752682936 1 0 0.34097352284904225 0.44490997422552986
28 168 0.24575675865683827 1 0 0.34097352284904225 0.44490997422552986
29 174 0.2565275314341028 1 0 0.34097352284904225 0.44490997422552986
30 180 0.24257799601784788 1 0 0.34097352284904225 0.44490997422552986
31 186 0.2951985381067003 1 0 0.34097352284904225 0.44490997422552986
32 192 0.35657454259716703 1 0 0.34097352284904225 0.44490997422552986
33 198 0.4242676253252183 1 0 0.34097352284904225 0.44490997422552986
34 204 0.5467621294992937 1 0 0.34097352284904225 0.44490997422552986
35 210 0.40899956052020936 1 0 0.34097352284904225 0.44490997422552986
36 216 0.4619640387795634 1 0 0.34097352284904225 0.44490997422552986
37 222 0.7014917196292886 1 0 0.34097352284904225 0.44490997422552986
38 228 0.5802057972125414 1 0 0.34097352284904225 0.44490997422552986
39 234 0.47415453414559816 1 0 0.34097352284904225 0.44490997422552986
40 240 0.5145380870904795 1 0 0.34097352284904225 0.44490997422552986
41 246 0.6427387638793016 1 0 0.34097352284904225 0.44490997422552986
42 252 1.036334563781768 1 0 0.34097352284904225 0.44490997422552986
43 258 0.9612011706383273 1 0 0.34097352284904225 0.44490997422552986
44 264 0.963383609918933 1 0 0.34097352284904225 0.44490997422552986
45 270 0.7397203133020103 1 0 0.34097352284904225 0.44490997422552986
46 276 0.8858594988551958 1 0 0.34097352284904225 0.44490997422552986
47 282 0.9859928356687385 1 0 0.34097352284904225 0.44490997422552986
48 288 1.509052867134929 1 0 0.34097352284904225 0.44490997422552986
49 294 1.6815071943905964 1 0 0.34097352284904225 0.44490997422552986
50 300 1.6930823850644696 1 0 0.34097352284904225 0.44490997422552986
51 306 2.0622075071354695 1 0 0.34097352284904225 0.44490997422552986
52 312 1.8241289116499495 1 0 0.34097352284904225 0.44490997422552986
53 318 1.4973345335737434 1 0 0.34097352284904225 0.44490997422552986
54 324 1.1623417950217776 1 0 0.34097352284904225 0.44490997422552986
55 330 1.1817999836222346 1 0 0.34097352284904225 0.44490997422552986
56 336 0.886140795129377 1 0 0.34097352284904225 0.44490997422552986
57 342 0.9641250672938976 1 0 0.34097352284904225 0.44490997422552986
58 348 1.1233625893419892 1 0 0.34097352284904225 0.44490997422552986
59 354 0.8612149642713802 1 0 0.34097352284904225 0.44490997422552986
60 360 0.9311597088877593 1 0 0.34097352284904225 0.44490997422552986
61 366 0.8491763910713706 1 0 0.34097352284904225 0.44490997422552986
62 372 0.9642008461416659 1 0 0.34097352284904225 0.44490997422552986
63 378 0.8355441327770049 1 0 0.34097352284904225 0.44490997422552986
64 384 0.7835321996335988 1 0 0.34097352284904225 0.44490997422552986
65 390 0.6271890506843706 1 0 0.34097352284904225 0.44490997422552986
66 396 0.5300787559594706 1 0 0.34097352284904225 0.44490997422552986
67 402 0.49030759983515826 1 0 0.34097352284904225 0.44490997422552986
68 408 0.42944246503231503 1 0 0.34097352284904225 0.44490997422552986
69 414 0.3632101006982795 1 0 0.34097352284904225 0.44490997422552986
70 420 0.5237878093386719 1 0 0.34097352284904225 0.44490997422552986
71 426 0.5048439929692549 1 0 0.34097352284904225 0.44490997422552986
72 432 0.7193909641822366 1 0 0.34097352284904225 0.44490997422552986
73 438 0.7654467427593616 1 0 0.34097352284904225 0.44490997422552986
74 444 0.66331329428658 1 0 0.34097352284904225 0.44490997422552986
75 450 0.724853224095025 1 0 0.34097352284904225 0.44490997422552986
76 456 0.6358518571554803 1 0 0.34097352284904225 0.44490997422552986
77 462 0.520695769697873 1 0 0.34097352284904225 0.44490997422552986
78 468 0.43965853512324804 1 0 0.34097352284904225 0.44490997422552986
79 474 0.40990450846440296 1 0 0.34097352284904225 0.44490997422552986
80 480 0.38288412384289044 1 0 0.34097352284904225 0.44490997422552986
81 486 0.4139604371014238 1 0 0.34097352284904225 0.44490997422552986
82 492 0.3257048433088011 1 0 0.34097352284904225 0.44490997422552986
83 498 0.38386972531834096 1 0 0.34097352284904225 0.44490997422552986
84 504 0.43638819122518574 1 0 0.34097352284904225 0.44490997422552986
85 510 0.6382524874285534 1 0 0.34097352284904225 0.44490997422552986
86 516 0.7943994817014272 1 0 0.34097352284904225 0.44490997422552986
87 522 0.5728763414758197 1 0 0.34097352284904225 0.44490997422552986
88 528 0.4683262415500924 1 0 0.34097352284904225 0.44490997422552986
89 534 0.5298462873228814 1 0 0.34097352284904225 0.44490997422552986
90 540 0.4111559744897599 1 0 0.34097352284904225 0.44490997422552986
91 546 0.4104145220109447 1 0 0.34097352284904225 0.44490997422552986
92 552 0.5028207930030609 1 0 0.34097352284904225 0.44490997422552986
93 558 0.43349146673665134 1 0 0.34097352284904225 0.44490997422552986
94 564 0.43662502018670046 1 0 0.34097352284904225 0.44490997422552986
95 570 0.37389303199882945 1 0 0.34097352284904225 0.44490997422552986
96 576 0.26366574346454985 1 0 0.34097352284904225 0.44490997422552986
97 582 0.2740616571294734 1 0 0.34097352284904225 0.44490997422552986
98 588 0.24442276698206766 1 0 0.34097352284904225 0.44490997422552986
99 594 0.22494440867505433 1 0 0.34097352284904225 0.44490997422552986
100 600 0.19228403575745873 1 0 0.34097352284904225 0.44490997422552986
101 606 0.14179335869058693 1 0 0.34097352284904225 0.44490997422552986
102 612 0.12562195558688694 1 0 0.34097352284904225 0.44490997422552986
103 618 0.10956323243890054 1 0 0.34097352284904225 0.44490997422552986
104 624 0.11348619290661058 1 0 0.34097352284904225 0.44490997422552986
105 630 0.09091480291114838 1 0 0.34097352284904225 0.44490997422552986
106 636 0.09824123345184335 1 0 0.34097352284904225 0.44490997422552986
107 642 0.07990004952175657 1 0 0.34097352284904225 0.44490997422552986
108 648 0.08321100843312554 1 0 0.34097352284904225 0.44490997422552986
109 654 0.05842444092134736 1 0 0.34097352284904225 0.44490997422552986
110 660 0.05075137710152207 1 0 0.34097352284904225 0.44490997422552986
111 666 0.038570513572935984 1 0 0.34097352284904225 0.44490997422552986
112 672 0.037352029654847095 1 0 0.34097352284904225 0.44490997422552986
113 678 0.03137277628639952 1 0 0.34097352284904225 0.44490997422552986
114 684 0.03292391486765786 1 0 0.34097352284904225 0.44490997422552986
115 690 0.03375507866923187 1 0 0.34097352284904225 0.44490997422552986
116 696 0.030069696596820693 1 0 0.34097352284904225 0.44490997422552986
117 702 0.025818199509645937 1 0 0.34097352284904225 0.44490997422552986
118 708 0.027546429963317735 1 0 0.34097352284904225 0.44490997422552986
119 714 0.029009268571332285 1 0 0.34097352284904225 0.44490997422552986
120 720 0.02422719957199303 1 0 0.34097352284904225 0.44490997422552986
121 726 0.018753213069010188 1 0 0.34097352284904225 0.44490997422552986
122 732 0.01521837565243453 1 0 0.34097352284904225 0.44490997422552986
123 738 0.012056657281739356 1 0 0.34097352284904225 0.44490997422552986
124 744 0.010067024239080232 1 0 0.34097352284904225 0.44490997422552986
125 750 0.008294687283016505 1 0 0.34097352284904225 0.44490997422552986
126 756 0.007201816330164329 1 0 0.34097352284904225 0.44490997422552986
127 762 0.00574403642736691 1 0 0.34097352284904225 0.44490997422552986
128 768 0.005269124356463907 1 0 0.34097352284904225 0.44490997422552986
129 774 0.004474951897535998 1 0 0.34097352284904225 0.44490997422552986
130 780 0.0032287383392124434 1 0 0.34097352284904225 0.44490997422552986
131 786 0.0027471882263486644 1 0 0.34097352284904225 0.44490997422552986
132 792 0.0023700901768669703 1 0 0.34097352284904225 0.44490997422552986
133 798 0.001841474911979262 1 0 0.34097352284904225 0.44490997422552986
134 804 0.0014931938714724184 1 0 0.34097352284904225 0.44490997422552986
135 810 0.0010798299707134938 1 0 0.34097352284904225 0.44490997422552986
136 816 0.0008481376221656674 1 0 0.34097352284904225 0.44490997422552986
137 822 0.0007595344355027959 1 0 0.34097352284904225 0.44490997422552986
138 828 0.000790272534869364 1 0 0.34097352284904225 0.44490997422552986
139 834 0.0006645716429454293 1 0 0.34097352284904225 0.44490997422552986
140 840 0.0005208301980676973 1 0 0.34097352284904225 0.44490997422552986
141 846 0.0004725890480695816 1 0 0.34097352284904225 0.44490997422552986
142 852 0.0003881471460907751 1 0 0.34097352284904225 0.44490997422552986
143 858 0.0002956638992952441 1 0 0.34097352284904225 0.44490997422552986
144 864 0.00023145700639651905 1 0 0.34097352284904225 0.44490997422552986
145 870 0.00021107353137478967 1 0 0.34097352284904225 0.44490997422552986
146 876 0.0002131720083249413 1 0 0.34097352284904225 0.44490997422552986
147 882 0.000203431759357503 1 0 0.34097352284904225 0.44490997422552986
148 888 0.00019414274187089486 1 0 0.34097352284904225 0.44490997422552986
148 888 0.00019414274187089486 1 0 0.34097352284904225 0.44490997422552986
