% # columns="iteration, evaluation, sigma, void, void,  stds==sigma*sigma_vec.scaling*sqrt(diag(C))", seed=348792, Wed Jul 23 07:41:22 2025, <python>{}</python>
1 6 0.825778144174231 0 0 0.42516445079645315 0.48105585576351106
2 12 0.7828373788383185 0 0 0.4004744516845557 0.38367104694996546
3 18 1.3383268337942027 0 0 0.5999999999999999 0.5999999999999999
4 24 1.399069209560236 0 0 0.5855971871753926 0.5862688384646014
5 30 1.1635441845900039 0 0 0.4693559736010829 0.4686260272672667
6 36 1.1518374370994555 0 0 0.4672196669277023 0.4514787784006427
7 42 0.9594294734009707 0 0 0.37934441613624403 0.3236714380416276
8 48 1.157034007193109 0 0 0.44054525301686925 0.4568125942822389
9 54 1.2913778368320572 0 0 0.4603940568208518 0.5441302591544565
10 60 1.1055419973742806 0 0 0.38802587647549436 0.3927666066935105
11 66 1.0467312359632237 0 0 0.37131957422864037 0.3505309198558101
12 72 1.3301631365793414 0 0 0.5828329261207721 0.5628478934925824
13 78 1.6797850117431394 0 0 0.6 0.6
14 84 1.4503421725054242 0 0 0.47823337913432384 0.5157074576552175
15 90 1.270750177693114 0 0 0.4104719160054669 0.45568281693838747
16 96 1.2945982997368803 0 0 0.4145392620311031 0.47218464543400296
17 102 1.0954359282324384 0 0 0.3314207144537867 0.35230221833628494
18 108 0.8469311821786707 0 0 0.22764846018498236 0.22942500788296338
19 114 0.6319551493626693 0 0 0.14892268496092212 0.13467637841793
20 120 0.47610464336284714 0 0 0.09472051146879633 0.08115323989126853
21 126 0.3784177409345773 0 0 0.06674630546145734 0.052720312352646605
22 132 0.4462467861674765 0 0 0.08812169690996136 0.053597530338121896
23 138 0.37792301078978136 0 0 0.06472706722228225 0.04108826824307784
24 144 0.39660343552981375 0 0 0.05558937669228709 0.04314491464517999
25 150 0.3006936473852363 0 0 0.040656839433802223 0.028386290139787496
26 156 0.3134862598080174 0 0 0.04405345242504483 0.02812499259573098
27 162 0.3110010752682936 0 0 0.0366931653967276 0.026200969498209027
28 168 0.24575675865683827 0 0 0.026119923017375136 0.017962119235470867
29 174 0.2565275314341028 0 0 0.032994457419092495 0.014824446140178589
30 180 0.24257799601784788 0 0 0.025359495100767484 0.013779037566156907
31 186 0.2951985381067003 0 0 0.03147487051657748 0.01716420656554451
32 192 0.35657454259716703 0 0 0.0415740405105346 0.020180419254299347
33 198 0.4242676253252183 0 0 0.054282934081993015 0.024532956813356457
34 204 0.5467621294992937 0 0 0.06700742103991811 0.03748811162905955
35 210 0.40899956052020936 0 0 0.043002626473731195 0.027770996539499427
36 216 0.4619640387795634 0 0 0.05132764202595136 0.03463927079983983
37 222 0.7014917196292886 0 0 0.08463838696529363 0.0615593238227752
38 228 0.5802057972125414 0 0 0.06529692803514249 0.04955321182416617
39 234 0.47415453414559816 0 0 0.05316889414264159 0.03698308600972548
40 240 0.5145380870904795 0 0 0.061671352982111925 0.04350239334177135
41 246 0.6427387638793016 0 0 0.0903422287200841 0.06600558669818408
42 252 1.036334563781768 0 0 0.15049587447646576 0.11549796439176677
43 258 0.9612011706383273 0 0 0.12388610487509505 0.09398138248997737
44 264 0.963383609918933 0 0 0.12004452570036804 0.0903511535313029
45 270 0.7397203133020103 0 0 0.08211533578393361 0.06408590835210191
46 276 0.8858594988551958 0 0 0.10307730670230399 0.08612483141881948
47 282 0.9859928356687385 0 0 0.10982891863688161 0.09498652536570801
48 288 1.509052867134929 0 0 0.1575937438225185 0.13515735100046816
49 294 1.6815071943905964 0 0 0.1405245812237506 0.12441383953494516
50 300 1.6930823850644696 0 0 0.13212036586869336 0.1270127959511416
51 306 2.0622075071354695 0 0 0.1537857606062591 0.15577509980744195
52 312 1.8241289116499495 0 0 0.12619622571255312 0.12178860085214471
53 318 1.4973345335737434 0 0 0.09758826479990408 0.09255243995285735
54 324 1.1623417950217776 0 0 0.06801436700783364 0.06839737291562638
55 330 1.1817999836222346 0 0 0.07142101924115157 0.07323217770041747
56 336 0.886140795129377 0 0 0.04940388996514463 0.052897880944274604
57 342 0.9641250672938976 0 0 0.05077136354446419 0.056231472785633355
58 348 1.1233625893419892 0 0 0.06299962091610564 0.07299880793440919
59 354 0.8612149642713802 0 0 0.03965145902038913 0.04719664704675871
60 360 0.9311597088877593 0 0 0.04704921930434891 0.05735212828901242
61 366 0.8491763910713706 0 0 0.03466195134671627 0.04266920406576436
62 372 0.9642008461416659 0 0 0.03703190757520104 0.041769403984390545
63 378 0.8355441327770049 0 0 0.02620736330438128 0.03009191469543329
64 384 0.7835321996335988 0 0 0.022759118183878286 0.02706357765567542
65 390 0.6271890506843706 0 0 0.01741940638660673 0.021320876130387398
66 396 0.5300787559594706 0 0 0.012916318891089611 0.015054724976358852
67 402 0.49030759983515826 0 0 0.00969737600622705 0.01174855500646783
68 408 0.42944246503231503 0 0 0.007624272432558153 0.008971064557210414
69 414 0.3632101006982795 0 0 0.005644391899214311 0.006438809650780876
70 420 0.5237878093386719 0 0 0.010875563573525973 0.010346115161796883
71 426 0.5048439929692549 0 0 0.010316757473887182 0.009852066049115718
72 432 0.7193909641822366 0 0 0.017621677352563068 0.014716077815305933
73 438 0.7654467427593616 0 0 0.023433492605082623 0.017952438119329447
74 444 0.66331329428658 0 0 0.019106749801697954 0.014746669497427999
75 450 0.724853224095025 0 0 0.019832115641835894 0.014321884494146404
76 456 0.6358518571554803 0 0 0.015751628132979485 0.01135823171987337
77 462 0.520695769697873 0 0 0.010564582562557859 0.007887815593985461
78 468 0.43965853512324804 0 0 0.007351918769182423 0.005440504243698246
79 474 0.40990450846440296 0 0 0.00657829789819817 0.005064237242981648
80 480 0.38288412384289044 0 0 0.005413528424721873 0.004136422288812315
81 486 0.4139604371014238 0 0 0.00615434063295048 0.00408849054922698
82 492 0.3257048433088011 0 0 0.004562387898992675 0.0029701204687567736
83 498 0.38386972531834096 0 0 0.005448454720679702 0.003203321072430902
84 504 0.43638819122518574 0 0 0.006242699225023143 0.0034588366211722433
85 510 0.6382524874285534 0 0 0.010481642750588917 0.004757949119590213
86 516 0.7943994817014272 0 0 0.01174860509729151 0.005177918846021396
87 522 0.5728763414758197 0 0 0.0074877814943332096 0.003267189847522283
88 528 0.4683262415500924 0 0 0.005502628609212221 0.0023037288675514292
89 534 0.5298462873228814 0 0 0.006304783025750152 0.0024274037248388867
90 540 0.4111559744897599 0 0 0.004512792458948306 0.0015170497737818933
91 546 0.4104145220109447 0 0 0.004413982460167138 0.00120707579826761
92 552 0.5028207930030609 0 0 0.0066751121832315085 0.0012219835320601878
93 558 0.43349146673665134 0 0 0.005542172184876822 0.000947542488461164
94 564 0.43662502018670046 0 0 0.005014145392241518 0.0007924845835522116
95 570 0.37389303199882945 0 0 0.004024366826117081 0.0005420253792322072
96 576 0.26366574346454985 0 0 0.0023296891550904034 0.0003545829799529135
97 582 0.2740616571294734 0 0 0.002008777981217534 0.00040521046002586883
98 588 0.24442276698206766 0 0 0.0014599305757348128 0.00034731591437710897
99 594 0.22494440867505433 0 0 0.0013826115780509593 0.0002540726260062327
100 600 0.19228403575745873 0 0 0.0010478123642343273 0.0002009114058710027
101 606 0.14179335869058693 0 0 0.0007386965902701973 0.00011919130941481888
102 612 0.12562195558688694 0 0 0.0006069867323054429 9.62444042058572e-05
103 618 0.10956323243890054 0 0 0.0004660957171858593 8.136172041831948e-05
104 624 0.11348619290661058 0 0 0.00047952390178675685 8.161211995242719e-05
105 630 0.09091480291114838 0 0 0.00035352399216279 5.801572759592166e-05
106 636 0.09824123345184335 0 0 0.00043214253987769577 5.323853873135404e-05
107 642 0.07990004952175657 0 0 0.0002904215528278335 4.0965564118905124e-05
108 648 0.08321100843312554 0 0 0.00033934782809293167 3.812786893045428e-05
109 654 0.05842444092134736 0 0 0.00021822353414420307 2.249028530738059e-05
110 660 0.05075137710152207 0 0 0.00017128570698727287 1.8399799808806537e-05
111 666 0.038570513572935984 0 0 0.0001022712914503801 1.3652419208567284e-05
112 672 0.037352029654847095 0 0 8.794303157745138e-05 1.3469327164816029e-05
113 678 0.03137277628639952 0 0 7.412530372371823e-05 9.211562885894635e-06
114 684 0.03292391486765786 0 0 7.179625849970495e-05 1.0104880731726394e-05
115 690 0.03375507866923187 0 0 7.469084912866696e-05 9.29921379269253e-06
116 696 0.030069696596820693 0 0 5.6772614328383314e-05 8.245841672411663e-06
117 702 0.025818199509645937 0 0 4.354422033171327e-05 6.417790565573878e-06
118 708 0.027546429963317735 0 0 4.3064383150029654e-05 7.392377490483253e-06
119 714 0.029009268571332285 0 0 4.8726429673226626e-05 7.11743061642616e-06
120 720 0.02422719957199303 0 0 4.083776264217956e-05 4.975200592101407e-06
121 726 0.018753213069010188 0 0 2.525643363119425e-05 3.4739911804464726e-06
122 732 0.01521837565243453 0 0 1.9518520363294983e-05 2.276121036800167e-06
123 738 0.012056657281739356 0 0 1.2626795356216622e-05 1.7361862899684752e-06
124 744 0.010067024239080232 0 0 9.81145259763823e-06 1.1482248550293805e-06
125 750 0.008294687283016505 0 0 7.1212786959572195e-06 8.670227561837945e-07
126 756 0.007201816330164329 0 0 5.606013481019178e-06 6.464335667927469e-07
127 762 0.00574403642736691 0 0 3.609222084476866e-06 5.041969146601095e-07
128 768 0.005269124356463907 0 0 3.208786146498236e-06 4.085667018255772e-07
129 774 0.004474951897535998 0 0 2.420599966502519e-06 3.2342784694018783e-07
130 780 0.0032287383392124434 0 0 1.4951562952340357e-06 2.0954244981002724e-07
131 786 0.0027471882263486644 0 0 1.139969493202892e-06 1.6483799475051946e-07
132 792 0.0023700901768669703 0 0 9.79717920521857e-07 1.1970054632056337e-07
133 798 0.001841474911979262 0 0 6.910635705916726e-07 7.656617257522533e-08
134 804 0.0014931938714724184 0 0 4.997801593720885e-07 5.638665077555542e-08
135 810 0.0010798299707134938 0 0 2.8869943448258744e-07 3.600146177977076e-08
136 816 0.0008481376221656674 0 0 2.0599698441923283e-07 2.4502514369930574e-08
137 822 0.0007595344355027959 0 0 1.7050536705373205e-07 2.1145748763454316e-08
138 828 0.000790272534869364 0 0 1.5245229611199076e-07 2.38136187304447e-08
139 834 0.0006645716429454293 0 0 1.2105301039279605e-07 1.679162188360912e-08
140 840 0.0005208301980676973 0 0 8.15125395299607e-08 1.1917517418893725e-08
141 846 0.0004725890480695816 0 0 6.582422413049371e-08 1.0381426106072977e-08
142 852 0.0003881471460907751 0 0 5.0043825888973885e-08 7.4045264535736795e-09
143 858 0.0002956638992952441 0 0 3.09169317197148e-08 5.400084664514862e-09
144 864 0.00023145700639651905 0 0 2.1609657919886734e-08 3.7022289696520888e-09
145 870 0.00021107353137478967 0 0 1.8457721696623106e-08 3.003417483892202e-09
146 876 0.0002131720083249413 0 0 2.091422748232973e-08 2.6093966052133127e-09
147 882 0.000203431759357503 0 0 1.868310483138896e-08 2.311623204215416e-09
148 888 0.00019414274187089486 0 0 1.6125438457490857e-08 2.137341605706458e-09
148 888 0.00019414274187089486 0 0 1.6125438457490857e-08 2.137341605706458e-09
