% # columns="iteration, evaluation, void, void, void, xmean", seed=550264, Thu Jul 24 10:55:02 2025, <python>{}</python> # scaling_of_variables: 1, typical_x: 0
1 6 0 0 0 0.704355026897232 0.4402079083821862
2 12 0 0 0 0.7937554605055879 0.3631710162156168
3 18 0 0 0 0.5779163548804956 0.488665743123624
4 24 0 0 0 0.6634514989324666 0.4160808619448383
5 30 0 0 0 0.7841273018306374 0.5242100592281728
6 36 0 0 0 0.7744589053811292 0.624007325513676
7 42 0 0 0 0.7964002388755757 0.6262349591747355
8 48 0 0 0 0.7536528775047423 0.5506186164806534
9 54 0 0 0 0.7684820388942308 0.5543651461100878
10 60 0 0 0 0.815768195429299 0.627497461017494
11 66 0 0 0 0.8059054361760889 0.6050356820043964
12 72 0 0 0 0.7994444875454052 0.611711496890815
13 78 0 0 0 0.8050178251973582 0.6256252089276908
14 84 0 0 0 0.7922344347350526 0.6076119104193362
15 90 0 0 0 0.8067613054347953 0.6263154289797574
16 96 0 0 0 0.8059748107733968 0.6233828020301224
17 102 0 0 0 0.8238764039960268 0.6347309815329972
18 108 0 0 0 0.8325631552888808 0.6403924503766235
19 114 0 0 0 0.8247131461070188 0.6362131966541548
20 120 0 0 0 0.8168977047509555 0.6318941515605514
21 126 0 0 0 0.82527625854848 0.6382323554435505
22 132 0 0 0 0.8269079394753914 0.6393557969367216
23 138 0 0 0 0.8308572337551537 0.6402951236191079
24 144 0 0 0 0.8245759288379056 0.6360206019894901
25 150 0 0 0 0.828631500857873 0.6377463659028616
26 156 0 0 0 0.8308103606260437 0.6377155634352308
27 162 0 0 0 0.8307337025509719 0.6380161814998921
28 168 0 0 0 0.8337918924139675 0.6391921582766689
29 174 0 0 0 0.8341747918546746 0.6381736727212062
30 180 0 0 0 0.8334632252764475 0.6385717818750474
31 186 0 0 0 0.8334916406232353 0.6377162259735467
32 192 0 0 0 0.8353973192571691 0.6380624744193197
33 198 0 0 0 0.8364665279792971 0.638514185460022
34 204 0 0 0 0.8400575241398397 0.6394770535985626
35 210 0 0 0 0.8442050563554359 0.6400927882315769
36 216 0 0 0 0.8417974243085905 0.639670613347945
37 222 0 0 0 0.845319191180386 0.6394879600110762
38 228 0 0 0 0.8459743958163758 0.6395848068575196
39 234 0 0 0 0.8444854056535122 0.639562070981812
40 240 0 0 0 0.8470794647767373 0.6400286629625762
41 246 0 0 0 0.8454528504071258 0.6400707936004985
42 252 0 0 0 0.8476793367346741 0.6398734493638842
43 258 0 0 0 0.8469759279440883 0.6399168611047982
44 264 0 0 0 0.8499134372848218 0.6401371224121769
45 270 0 0 0 0.8483331924009065 0.6403008051787299
46 276 0 0 0 0.8501050454973843 0.640000235763668
47 282 0 0 0 0.8496515665969333 0.6399278864011654
48 288 0 0 0 0.8490136401346786 0.6400491563717945
49 294 0 0 0 0.8494481251889365 0.6401209029444112
50 300 0 0 0 0.8497392702691292 0.6400189648974863
51 306 0 0 0 0.8504020561888118 0.6400291129590642
52 312 0 0 0 0.8501697898820305 0.6400341794087173
53 318 0 0 0 0.8502755578564477 0.6400018461286999
54 324 0 0 0 0.8503638826623631 0.6400184788886962
55 330 0 0 0 0.8502254790839111 0.6399907640241894
56 336 0 0 0 0.850049691739439 0.6399978101499254
57 342 0 0 0 0.8501174196215341 0.6399984036082093
58 348 0 0 0 0.8500401428108347 0.639990647196735
59 354 0 0 0 0.8500518071025635 0.640002397201292
60 360 0 0 0 0.8499886327898261 0.6399950666710781
61 366 0 0 0 0.8500200229662223 0.6399974421371661
62 372 0 0 0 0.8500564576951039 0.6399992193549366
63 378 0 0 0 0.8500210327432508 0.6400010041890597
64 384 0 0 0 0.8499951293215783 0.6399995776006187
65 390 0 0 0 0.8500091145983002 0.6400010408736807
66 396 0 0 0 0.8500032071512978 0.6399998954544
67 402 0 0 0 0.849995329386196 0.6399986827809269
68 408 0 0 0 0.8499989312830896 0.6400015130863993
69 414 0 0 0 0.8500003653349877 0.6399993238938467
70 420 0 0 0 0.8499994055365767 0.6400003312951222
71 426 0 0 0 0.8500021514933125 0.6399998575425992
72 432 0 0 0 0.8499998819643445 0.6400001726389243
73 438 0 0 0 0.8500000745644873 0.6399999498988955
74 444 0 0 0 0.8500001925766816 0.6399998987164488
75 450 0 0 0 0.8500004830613944 0.6400001695894108
76 456 0 0 0 0.8500011446129132 0.6399997689348962
77 462 0 0 0 0.8500010713821039 0.6399998973364454
78 468 0 0 0 0.8499999818122124 0.6399998344305471
79 474 0 0 0 0.8500000782196588 0.6400000894119873
80 480 0 0 0 0.8500000953192193 0.6400002183732789
81 486 0 0 0 0.8500006048563311 0.6400000256684384
82 492 0 0 0 0.849999981605488 0.6399999904913797
83 498 0 0 0 0.8500003267341216 0.6400000362563746
84 504 0 0 0 0.8500002952077451 0.6400000297533263
85 510 0 0 0 0.8500000513783511 0.6400000111163925
86 516 0 0 0 0.8499997629860697 0.6399999932121304
87 522 0 0 0 0.8499997094488622 0.6399999824132923
88 528 0 0 0 0.8500000810522923 0.6399999899235316
89 534 0 0 0 0.8500002015945927 0.6399999865453809
90 540 0 0 0 0.8500001113826752 0.6399999844830168
91 546 0 0 0 0.8500000823031952 0.639999998596315
91 546 0 0 0 0.8500000823031952 0.639999998596315
