% # columns="iteration, evaluation, min max(neg(.)) min(pos(.)) max correlation, correlation matrix principal axes lengths  (sorted square roots of eigenvalues of correlation matrix)", seed=319756, Tue Jul 22 10:45:46 2025
1 6 0.04003422444776855 0.04003422444776855 0.04003422444776855 0.04003422444776855 0.9797784318672418 1.0198206824965694
2 12 -0.11395327846625537 -0.11395327846625537 -0.11395327846625537 -0.11395327846625537 0.9797784318672418 1.0198206824965694
3 18 0.07758903787523391 0.07758903787523391 0.07758903787523391 0.07758903787523391 0.9604222832300207 1.0380698617507562
4 24 0.2720948434686793 0.2720948434686793 0.2720948434686793 0.2720948434686793 0.9604222832300207 1.0380698617507562
5 30 0.24209920677661476 0.24209920677661476 0.24209920677661476 0.24209920677661476 0.8705749785190161 1.114495045649201
6 36 0.30238658192836326 0.30238658192836326 0.30238658192836326 0.30238658192836326 0.8705749785190161 1.114495045649201
7 42 0.30760314951231477 0.30760314951231477 0.30760314951231477 0.30760314951231477 0.8321038700112416 1.1435047658459123
8 48 0.4685520426094418 0.4685520426094418 0.4685520426094418 0.4685520426094418 0.8321038700112416 1.1435047658459123
9 54 0.446291479561821 0.446291479561821 0.446291479561821 0.446291479561821 0.7441159321222596 1.2026185927224895
10 60 0.7094262983348185 0.7094262983348185 0.7094262983348185 0.7094262983348185 0.7441159321222596 1.2026185927224895
11 66 0.7655151585087554 0.7655151585087554 0.7655151585087554 0.7655151585087554 0.48423634879183197 1.3287268938757715
12 72 0.7991584258430421 0.7991584258430421 0.7991584258430421 0.7991584258430421 0.48423634879183197 1.3287268938757715
13 78 0.9078511090395719 0.9078511090395719 0.9078511090395719 0.9078511090395719 0.30356035801867853 1.381249835851419
14 84 0.926879493731851 0.926879493731851 0.926879493731851 0.926879493731851 0.30356035801867853 1.381249835851419
15 90 0.934702775115045 0.934702775115045 0.934702775115045 0.934702775115045 0.25553321679373764 1.390935934942744
16 96 0.9186121999359844 0.9186121999359844 0.9186121999359844 0.9186121999359844 0.25553321679373764 1.390935934942744
17 102 0.9439891735520889 0.9439891735520889 0.9439891735520889 0.9439891735520889 0.2366660652647758 1.3942701221614444
18 108 0.9185919931754197 0.9185919931754197 0.9185919931754197 0.9185919931754197 0.2366660652647758 1.3942701221614444
19 114 0.9281358727015815 0.9281358727015815 0.9281358727015815 0.9281358727015815 0.2680748539091614 1.3885733227675021
20 120 0.9245633386223091 0.9245633386223091 0.9245633386223091 0.9245633386223091 0.2680748539091614 1.3885733227675021
21 126 0.88962132673671 0.88962132673671 0.88962132673671 0.88962132673671 0.33223285999926316 1.3746349794533492
22 132 0.9289793900943116 0.9289793900943116 0.9289793900943116 0.9289793900943116 0.33223285999926316 1.3746349794533492
23 138 0.9470843301747812 0.9470843301747812 0.9470843301747812 0.9470843301747812 0.23003406231516804 1.3953796365773656
24 144 0.9464356056374864 0.9464356056374864 0.9464356056374864 0.9464356056374864 0.23003406231516804 1.3953796365773656
25 150 0.9669600932273689 0.9669600932273689 0.9669600932273689 0.9669600932273689 0.18176882783533388 1.402483544726058
26 156 0.9480272080726164 0.9480272080726164 0.9480272080726164 0.9480272080726164 0.18176882783533388 1.402483544726058
27 162 0.9643967129502914 0.9643967129502914 0.9643967129502914 0.9643967129502914 0.18868833310437758 1.401569375004424
28 168 0.9722515379779609 0.9722515379779609 0.9722515379779609 0.9722515379779609 0.18868833310437758 1.401569375004424
29 174 0.9635405737267428 0.9635405737267428 0.9635405737267428 0.9635405737267428 0.19094351592357617 1.4012639200831307
30 180 0.9349014132419927 0.9349014132419927 0.9349014132419927 0.9349014132419927 0.19094351592357617 1.4012639200831307
31 186 0.9160769325350047 0.9160769325350047 0.9160769325350047 0.9160769325350047 0.28969478328923254 1.384224307160875
32 192 0.9113995776066113 0.9113995776066113 0.9113995776066113 0.9113995776066113 0.28969478328923254 1.384224307160875
33 198 0.9197205747810118 0.9197205747810118 0.9197205747810118 0.9197205747810118 0.28333624056761314 1.385539813495452
34 204 0.8916621976242362 0.8916621976242362 0.8916621976242362 0.8916621976242362 0.28333624056761314 1.385539813495452
35 210 0.929767789988202 0.929767789988202 0.929767789988202 0.929767789988202 0.2650136034466872 1.3891608222190122
36 216 0.9262158577828262 0.9262158577828262 0.9262158577828262 0.9262158577828262 0.2650136034466872 1.3891608222190122
37 222 0.891194809805603 0.891194809805603 0.891194809805603 0.891194809805603 0.32985631749960004 1.3752071879559105
38 228 0.8672747458444383 0.8672747458444383 0.8672747458444383 0.8672747458444383 0.32985631749960004 1.3752071879559105
39 234 0.898223594511029 0.898223594511029 0.898223594511029 0.898223594511029 0.319024145620627 1.3777603545286927
40 240 0.9160186624741109 0.9160186624741109 0.9160186624741109 0.9160186624741109 0.319024145620627 1.3777603545286927
41 246 0.9321693133537555 0.9321693133537555 0.9321693133537555 0.9321693133537555 0.26044325033727506 1.390024932637453
42 252 0.9135661712081397 0.9135661712081397 0.9135661712081397 0.9135661712081397 0.26044325033727506 1.390024932637453
43 258 0.8811887692612079 0.8811887692612079 0.8811887692612079 0.8811887692612079 0.3446900502462929 1.3715643511192641
44 264 0.8245143750578001 0.8245143750578001 0.8245143750578001 0.8245143750578001 0.3446900502462929 1.3715643511192641
45 270 0.7168992005234694 0.7168992005234694 0.7168992005234694 0.7168992005234694 0.5320721750632432 1.310305002861345
46 276 0.5287931867985436 0.5287931867985436 0.5287931867985436 0.5287931867985436 0.5320721750632432 1.310305002861345
47 282 0.6254807027995243 0.6254807027995243 0.6254807027995243 0.6254807027995243 0.6119798176414608 1.2749434116067757
48 288 0.6369869156185128 0.6369869156185128 0.6369869156185128 0.6369869156185128 0.6119798176414608 1.2749434116067757
49 294 0.6696555111748367 0.6696555111748367 0.6696555111748367 0.6696555111748367 0.5747560254796493 1.2921515047295487
50 300 0.6257043234563524 0.6257043234563524 0.6257043234563524 0.6257043234563524 0.5747560254796493 1.2921515047295487
51 306 0.5634625162853878 0.5634625162853878 0.5634625162853878 0.5634625162853878 0.6607098332207657 1.2503849472404038
52 312 0.447599002920757 0.447599002920757 0.447599002920757 0.447599002920757 0.6607098332207657 1.2503849472404038
53 318 0.18517218835190494 0.18517218835190494 0.18517218835190494 0.18517218835190494 0.9026781329178717 1.0886561387104308
54 324 0.051620255805380336 0.051620255805380336 0.051620255805380336 0.051620255805380336 0.9026781329178717 1.0886561387104308
55 330 -0.027054759725112867 -0.027054759725112867 -0.027054759725112867 -0.027054759725112867 0.9863798661139059 1.0134371020073782
56 336 -0.014894220717560292 -0.014894220717560292 -0.014894220717560292 -0.014894220717560292 0.9863798661139059 1.0134371020073782
57 342 0.18031850772732558 0.18031850772732558 0.18031850772732558 0.18031850772732558 0.9053626302607559 1.0864246442930707
58 348 0.35742965623521594 0.35742965623521594 0.35742965623521594 0.35742965623521594 0.9053626302607559 1.0864246442930707
59 354 0.16491446825497552 0.16491446825497552 0.16491446825497552 0.16491446825497552 0.9138301438150441 1.0793120347031138
60 360 -0.04617214963966231 -0.04617214963966231 -0.04617214963966231 -0.04617214963966231 0.9138301438150441 1.0793120347031138
61 366 -0.03630661537299378 -0.03630661537299378 -0.03630661537299378 -0.03630661537299378 0.9816788602323095 1.0179914613458179
62 372 -0.13558342002208434 -0.13558342002208434 -0.13558342002208434 -0.13558342002208434 0.9816788602323095 1.0179914613458179
63 378 -0.055492414994453815 -0.055492414994453815 -0.055492414994453815 -0.055492414994453815 0.9718578008152975 1.0273716051139694
64 384 -0.18268790390503875 -0.18268790390503875 -0.18268790390503875 -0.18268790390503875 0.9718578008152975 1.0273716051139694
65 390 -0.2739772549261492 -0.2739772549261492 -0.2739772549261492 -0.2739772549261492 0.8520696832265837 1.128706009076832
66 396 -0.04268386458637936 -0.04268386458637936 -0.04268386458637936 -0.04268386458637936 0.8520696832265837 1.128706009076832
67 402 -0.053599281768865414 -0.053599281768865414 -0.053599281768865414 -0.053599281768865414 0.972831289706049 1.0264498437667888
68 408 -0.06091612288722818 -0.06091612288722818 -0.06091612288722818 -0.06091612288722818 0.972831289706049 1.0264498437667888
69 414 0.10837738664885868 0.10837738664885868 0.10837738664885868 0.10837738664885868 0.9442577049466641 1.05279503544083
70 420 0.27270206089436405 0.27270206089436405 0.27270206089436405 0.27270206089436405 0.9442577049466641 1.05279503544083
71 426 0.27805286786721856 0.27805286786721856 0.27805286786721856 0.27805286786721856 0.8496747213685845 1.130510003435272
72 432 0.041587479023330993 0.041587479023330993 0.041587479023330993 0.041587479023330993 0.8496747213685845 1.130510003435272
73 438 0.0293736878152931 0.0293736878152931 0.0293736878152931 0.0293736878152931 0.9852036907080214 1.014580547721714
74 444 -0.05720070775306855 -0.05720070775306855 -0.05720070775306855 -0.05720070775306855 0.9852036907080214 1.014580547721714
75 450 -0.1770309240055169 -0.1770309240055169 -0.1770309240055169 -0.1770309240055169 0.9071764304667992 1.0849105603714606
76 456 -0.17409677278750535 -0.17409677278750535 -0.17409677278750535 -0.17409677278750535 0.9071764304667992 1.0849105603714606
77 462 -0.16540761232390278 -0.16540761232390278 -0.16540761232390278 -0.16540761232390278 0.9135602813586509 1.0795404634954184
78 468 -0.20923143190532717 -0.20923143190532717 -0.20923143190532717 -0.20923143190532717 0.9135602813586509 1.0795404634954184
79 474 -0.34705177704588464 -0.34705177704588464 -0.34705177704588464 -0.34705177704588464 0.8080521164839032 1.1606255972732484
80 480 -0.35634875745362177 -0.35634875745362177 -0.35634875745362177 -0.35634875745362177 0.8080521164839032 1.1606255972732484
81 486 -0.06263853991517898 -0.06263853991517898 -0.06263853991517898 -0.06263853991517898 0.9681742922040542 1.030843605943782
82 492 -0.1249339110095737 -0.1249339110095737 -0.1249339110095737 -0.1249339110095737 0.9681742922040542 1.030843605943782
83 498 0.002469276165210801 0.002469276165210801 0.002469276165210801 0.002469276165210801 0.9987645988093438 1.001233876856557
84 504 0.09975635629534697 0.09975635629534697 0.09975635629534697 0.09975635629534697 0.9987645988093438 1.001233876856557
85 510 0.23652714056695126 0.23652714056695126 0.23652714056695126 0.23652714056695126 0.8737693399479342 1.1119924192938329
86 516 0.1761471729389227 0.1761471729389227 0.1761471729389227 0.1761471729389227 0.8737693399479342 1.1119924192938329
87 522 0.08760312387016353 0.08760312387016353 0.08760312387016353 0.08760312387016353 0.9551946797013876 1.042882123669863
88 528 0.014547395344583883 0.014547395344583883 0.014547395344583883 0.014547395344583883 0.9551946797013876 1.042882123669863
89 534 -0.0033380284049603108 -0.0033380284049603108 -0.0033380284049603108 -0.0033380284049603108 0.9983295906638447 1.0016676237180475
90 540 -0.1797103561680773 -0.1797103561680773 -0.1797103561680773 -0.1797103561680773 0.9983295906638447 1.0016676237180475
91 546 -0.1160225127053209 -0.1160225127053209 -0.1160225127053209 -0.1160225127053209 0.9402007696735197 1.0564196669436445
92 552 -0.07883499595238085 -0.07883499595238085 -0.07883499595238085 -0.07883499595238085 0.9402007696735197 1.0564196669436445
93 558 -0.12903362222017734 -0.12903362222017734 -0.12903362222017734 -0.12903362222017734 0.9332557943992755 1.0625599381776905
94 564 -0.19927382415560768 -0.19927382415560768 -0.19927382415560768 -0.19927382415560768 0.9332557943992755 1.0625599381776905
95 570 -0.07209787683684835 -0.07209787683684835 -0.07209787683684835 -0.07209787683684835 0.9632767635332805 1.0354215937659637
96 576 0.11086326046320216 0.11086326046320216 0.11086326046320216 0.11086326046320216 0.9632767635332805 1.0354215937659637
97 582 0.12201372589012024 0.12201372589012024 0.12201372589012024 0.12201372589012024 0.9370092177294095 1.0592514932206234
98 588 0.021069100259335716 0.021069100259335716 0.021069100259335716 0.021069100259335716 0.9370092177294095 1.0592514932206234
99 594 -0.15057190129456022 -0.15057190129456022 -0.15057190129456022 -0.15057190129456022 0.9216442365172366 1.0726471466864396
100 600 -0.18185551042911846 -0.18185551042911846 -0.18185551042911846 -0.18185551042911846 0.9216442365172366 1.0726471466864396
101 606 -0.31936504167086016 -0.31936504167086016 -0.31936504167086016 -0.31936504167086016 0.825006035328918 1.1486361659249895
102 612 -0.1375835349250848 -0.1375835349250848 -0.1375835349250848 -0.1375835349250848 0.825006035328918 1.1486361659249895
103 618 0.15502523036963473 0.15502523036963473 0.15502523036963473 0.15502523036963473 0.9192250919281769 1.0747210011764143
103 618 0.15502523036963473 0.15502523036963473 0.15502523036963473 0.15502523036963473 0.9192250919281769 1.0747210011764143
