% # columns="iteration, evaluation, sigma, axis ratio, bestever, best, median, worst objective function value, interquartile range, further/more values", seed=319756, Tue Jul 22 10:45:46 2025, <python>{}</python>
1 6 0.9656898218046329 1.0000250003125026 2.494659966718777 2.4946599667187770e+00 18.800116855384744 44.42806842800162 19.187631233743595   
2 12 0.8009064039020626 1.04249290017439 0.5403809900442547 5.4038099004425466e-01 32.17852534534835 48.35019491839968 38.081855487213645   
3 18 0.6715497650695648 1.1471619597577842 0.5403809900442547 5.6586885381733900e+00 11.533410476364043 56.08295206942568 5.816403165274245   
4 24 0.733363336938888 1.0933916107834654 0.5403809900442547 1.7683824258340661e+00 7.904526771922185 25.21177973977085 15.049187139400802   
5 30 0.5171143080099766 1.4198896020226979 0.5403809900442547 9.7608043464853522e-01 13.846609068450311 24.50821704171653 13.784001939276221   
6 36 0.4403089257652098 1.3179590770372298 0.5403809900442547 1.2965022365011978e+00 4.137199315258827 23.095337522649476 17.520585765687763   
7 42 0.3311961287423384 1.4700729006013675 0.5403809900442547 7.5573429087671751e-01 3.8646875561390535 20.374524464639844 2.4413345283133268   
8 48 0.29811716913304825 1.4937947011694162 0.5403809900442547 8.8049303267851442e-01 1.2736703863544472 1.5357357323685268 0.4166728011457679   
9 54 0.35121837850409954 1.8073391121050928 0.5403809900442547 6.0123698125179847e-01 1.1503087316825114 1.4473464961148084 0.7658002008340167   
10 60 0.48426978660604764 2.2386195813265886 0.44628971683572305 4.4628971683572305e-01 0.9351005072832886 2.3644796142236015 0.5533503351801665   
11 66 0.3872605588085717 2.977438455742871 0.44628971683572305 7.5108999679819433e-01 1.3072949898433008 1.723323464456424 0.7822285553101581   
12 72 0.3926858415960611 3.0106217764796623 0.3812217914090982 3.8122179140909818e-01 0.9351380088058291 8.542862007490546 4.932229638561692   
13 78 0.42952492004639714 3.261958186093601 0.30520071298197743 3.0520071298197743e-01 1.530815285318714 2.486591910566193 1.7090555569553718   
14 84 0.5624302525928747 4.918925917803294 0.13987840045722189 1.3987840045722189e-01 0.38129313687482547 0.8271266492011399 0.5256233116359642   
15 90 0.640182927343119 5.288911639004798 0.0851805919381999 8.5180591938199907e-02 0.5665483514691056 20.345235062803283 3.597694670599708   
16 96 0.47911918861006353 5.55747260109301 0.0851805919381999 2.4004679705621140e-01 1.8408025210205836 15.555390666748941 13.59581275562541   
17 102 0.4851999675272706 4.963363892228716 0.06294891503304761 6.2948915033047614e-02 1.470844679335928 3.817400080156071 1.4448910451815808   
18 108 0.3992959282516029 5.907379078373784 0.04727735776423772 4.7277357764237721e-02 0.4403943106319544 0.7524194737896659 0.21897469972051087   
19 114 0.33669307097238244 4.872630741442789 0.04444308936806181 4.4443089368061808e-02 0.8338714529759076 1.072029111245882 0.23881988025673684   
20 120 0.28391114546214224 5.181445987135798 0.04444308936806181 5.4222858918218292e-02 0.42969816489384033 1.593544173741606 0.37020495310067314   
21 126 0.2264251658118168 5.052028850444965 0.04444308936806181 5.6794731586143329e-02 0.10008439616311915 1.457376770390517 0.11080636763913428   
22 132 0.2149140261167635 4.1426267385724165 0.04444308936806181 7.4096697272340584e-02 0.1859806535414058 0.6828630660126705 0.16256887567685877   
23 138 0.17969847365862124 5.221537998334249 0.04444308936806181 8.9966913216265723e-02 0.12896835094942435 0.13502652876947668 0.03743697730800735   
24 144 0.1692532081647819 6.098182560320827 0.04444308936806181 6.2118872792256523e-02 0.08477849862954157 0.1211415705976011 0.01155827136597902   
25 150 0.17467268821631005 6.067348818649905 0.04444308936806181 5.5684952271768264e-02 0.11221624900769916 0.21246276793694976 0.07683939727073116   
26 156 0.13823023927847178 7.8141135994815425 0.04444308936806181 5.5471990202402878e-02 0.07051886225502957 0.3286483648571335 0.03031976558055844   
27 162 0.15853234796003415 6.204810307806452 0.04444308936806181 4.9194514690989871e-02 0.060128226297222226 0.06347358104231376 0.006585902136693224   
28 168 0.19709176457056943 7.441224486777789 0.0437656330638516 4.3765633063851603e-02 0.05995310833787648 0.1535810453141774 0.019875340460479153   
29 174 0.2020245907196799 8.431759000998381 0.04051750533334613 4.0517505333346131e-02 0.19909682683422486 0.5352671944981241 0.1622681808696721   
30 180 0.18914947935204976 7.340125311968789 0.04051750533334613 4.5409321372238354e-02 0.06646021709309985 0.08619806179725896 0.03586732158970611   
31 186 0.17559481706719773 5.469599093929624 0.04051750533334613 5.9929802017748342e-02 0.09224587524705452 0.13810125628530742 0.057000984533615365   
32 192 0.13108480900126832 4.835294377455552 0.04051750533334613 4.4795957498681711e-02 0.05265940352263885 0.07320642565716003 0.010408728627872899   
33 198 0.10273701283926397 4.773296209095955 0.04051750533334613 4.5709869692737819e-02 0.04943838575163247 0.06398479710908678 0.014384581628026194   
34 204 0.0957738935333132 4.9896433697472915 0.04051750533334613 4.3947367704610524e-02 0.04755901520465781 0.053901486707621425 0.002182019942543266   
35 210 0.09443711995722866 4.305971525928624 0.04051750533334613 4.2721952535922897e-02 0.04400364349009173 0.045508759601531966 0.0012468270065083761   
36 216 0.11140079911632846 5.442951806610613 0.04051750533334613 4.2008950461960834e-02 0.04295069858504083 0.049638497658948594 0.006641648002264286   
37 222 0.08891441439496363 5.466064721945562 0.04051750533334613 4.1274293772187720e-02 0.04473165373250779 0.0587539155127347 0.0020236473302621266   
38 228 0.11240023891873654 4.433325735543786 0.04051750533334613 4.1591714181007697e-02 0.042165366842764236 0.046188323766015935 0.004261469017044654   
39 234 0.09140000250780471 4.3179567517195006 0.04051750533334613 4.1017449653263559e-02 0.04182741430374761 0.0466444961672817 0.0010194159408477219   
40 240 0.0662942873171571 4.901587471515988 0.04051750533334613 4.0711855742588336e-02 0.04338044706786213 0.045802270977174445 0.0020398518723019343   
41 246 0.05694152225672721 5.447274466352819 0.04051750533334613 4.0763890083052055e-02 0.041253095959758644 0.04325906412680936 0.0007903722965270851   
42 252 0.06703550509576557 6.082547249975936 0.04045896336964007 4.0458963369640069e-02 0.04109619450071311 0.04293504611838767 0.0009891982108425623   
43 258 0.08532754009635724 5.902875840835247 0.04028961185196185 4.0289611851961851e-02 0.0406368572861785 0.04093429201897415 0.000277849995718539   
44 264 0.11863769776121404 5.468821054677158 0.040048070778226655 4.0048070778226655e-02 0.041073561683138894 0.04265957733703189 0.0013568141837568687   
45 270 0.09705738122312182 5.2254327343666 0.040048070778226655 4.0752188813038867e-02 0.04102907304908108 0.04191376016627945 0.0001653385757181547   
46 276 0.09713067505506238 4.3572888002346986 0.040048070778226655 4.0306339406644798e-02 0.04101441850841499 0.044540261780328556 0.0010217537677846833   
47 282 0.09162369077622692 4.114467193809153 0.040048070778226655 4.0290160207178488e-02 0.04043345847887659 0.042356062402264555 0.00023119868064124666   
48 288 0.08320064200497193 4.373462959487829 0.04000439027390413 4.0004390273904129e-02 0.04042223872948036 0.04104061175478857 0.00019547897087306837   
49 294 0.08288427076513091 4.934028859277816 0.04000439027390413 4.0008054509099118e-02 0.04017294405777441 0.0405180001399393 0.00034127916213530507   
50 300 0.0681447461533727 5.647916553334375 0.04000439027390413 4.0119162797636714e-02 0.04065246809959833 0.041319652040707644 0.0007113694524267036   
51 306 0.06380189120815367 5.2729745025247325 0.040000449851053534 4.0000449851053534e-02 0.040073133289012096 0.04041191459910733 0.00017749327596557757   
52 312 0.06860818357786266 5.008240391552742 0.040000449851053534 4.0022125973723392e-02 0.04012017007418002 0.040391440780941784 9.889016611646512e-05   
53 318 0.06427967215401872 5.592390685092698 0.040000449851053534 4.0021679258035264e-02 0.04031037908664337 0.04055925158870694 0.0004010380946172093   
54 324 0.0718092358000958 5.003055513319845 0.040000449851053534 4.0031150387844390e-02 0.04005696502211949 0.04008493675151026 4.752373169211038e-05   
55 330 0.06111983605044349 6.488015298212543 0.040000449851053534 4.0020676195239767e-02 0.04011162439368445 0.040167740628948526 6.821568247029897e-05   
56 336 0.058642920211789525 6.239740955763015 0.040000449851053534 4.0038328145823650e-02 0.040112161405562105 0.04042607278777009 0.0001158722438225554   
57 342 0.06427968474211121 8.085299123039674 0.040000449851053534 4.0007467950385789e-02 0.04012365584101789 0.040174643057582865 0.00014075631188802118   
58 348 0.053343333437575864 6.51288755483702 0.040000449851053534 4.0003749021341600e-02 0.04005846250542534 0.04013120579475501 6.360656922222568e-05   
59 354 0.046357647343046864 7.071954866143143 0.04000009266751545 4.0000092667515447e-02 0.04000871195656568 0.040075729755932814 5.189881801710011e-05   
60 360 0.035614257666095724 8.06208429349729 0.04000009266751545 4.0000294413260452e-02 0.04001475390595312 0.04002541049231666 1.641130933503765e-05   
61 366 0.027326096187673458 7.8604512658875745 0.04000009266751545 4.0003484080010046e-02 0.04000999391375548 0.04002710295457743 7.121142301863559e-06   
62 372 0.02669392097605509 6.68964158501891 0.04000009266751545 4.0001116602514361e-02 0.04000195754546446 0.04000530232372165 2.2886517105219495e-06   
63 378 0.02046084825930986 5.84848815925007 0.040000047208220674 4.0000047208220674e-02 0.04000185814206849 0.04000474645268037 1.7941891424441692e-06   
64 384 0.017214786352638324 6.239792395995666 0.040000047208220674 4.0000198786280250e-02 0.040001455232552365 0.040004565575865805 2.2415471315345714e-06   
65 390 0.014526942944635388 7.735388092750338 0.040000047208220674 4.0000116635191360e-02 0.04000041428455604 0.0400014404851309 3.6609992749153664e-07   
66 396 0.01435969469791286 7.375246551980427 0.040000047208220674 4.0000138970232357e-02 0.040000312564609654 0.04000066197406197 2.404960359331243e-07   
67 402 0.011055201014733219 8.069774683656565 0.040000047208220674 4.0000059704040920e-02 0.040000444683788015 0.040001202364737545 5.569013238268528e-07   
68 408 0.009760287471010995 6.579942070087942 0.04000003859323228 4.0000038593232277e-02 0.040000292997647034 0.040000692125905346 3.1860144433099036e-07   
69 414 0.007214017311122261 6.744697173219039 0.04000002176640725 4.0000021766407247e-02 0.04000010821236879 0.04000036843552663 1.166674386612887e-07   
70 420 0.005988944737411241 6.481671159931544 0.040000007682603686 4.0000007682603686e-02 0.040000059814681244 0.04000022647567996 9.310173199050809e-08   
71 426 0.0054234630482036415 7.042088007808641 0.04000000234810958 4.0000002348109583e-02 0.04000001599954181 0.04000003940672073 1.6241936601213425e-08   
72 432 0.005328337843244226 7.5805692811900816 0.04000000113658041 4.0000001136580407e-02 0.04000002148364452 0.04000002285415968 1.4070385391529161e-08   
73 438 0.0038344206571568683 7.302944316267906 0.04000000113658041 4.0000002099444681e-02 0.040000010150028104 0.040000045210641134 2.2250928204126108e-08   
74 444 0.0028132430935923582 6.782042085869395 0.04000000023165288 4.0000000231652878e-02 0.040000003421298676 0.040000016119494476 4.2569644059797795e-09   
75 450 0.0021090291915295974 6.729011078563777 0.04000000023165288 4.0000000968259133e-02 0.04000000260371537 0.04000000536022404 1.6954607162666946e-09   
76 456 0.001900517528439016 6.83311253911075 0.04000000006551123 4.0000000065511229e-02 0.04000000136659758 0.04000000564728583 1.7116384212756408e-09   
77 462 0.0016765947672012181 8.664553626379531 0.04000000006551123 4.0000000284954158e-02 0.0400000012302986 0.040000002328751255 7.580415462005163e-10   
78 468 0.0015527221958251823 7.926084235608476 0.04000000006551123 4.0000000142345851e-02 0.040000000616973536 0.040000000861149215 4.6192998037764e-10   
79 474 0.001276847677476243 8.070904929548629 0.040000000032872345 4.0000000032872345e-02 0.040000000149116505 0.040000000557801986 9.095071917819553e-11   
80 480 0.0010216126157228992 8.775296289729559 0.04000000001914054 4.0000000019140537e-02 0.040000000216674284 0.04000000041455119 2.5340584491884144e-10   
81 486 0.0009822076967805598 10.27106838815203 0.04000000001914054 4.0000000047757528e-02 0.04000000009479139 0.040000000247437134 1.9740994949835056e-10   
82 492 0.0007795249068260133 8.343779891603745 0.04000000001914054 4.0000000029376322e-02 0.04000000005810148 0.04000000009632239 2.1297297259081915e-11   
83 498 0.0006381113348390687 9.857498598876097 0.04000000001914054 4.0000000020069398e-02 0.040000000082794494 0.0400000001096364 7.009128000223797e-11   
84 504 0.0005318289856542369 11.2975987302487 0.04000000000411403 4.0000000004114029e-02 0.04000000003556235 0.040000000046343465 3.6546148052263305e-11   
85 510 0.00043723092451454824 9.307650857150756 0.040000000003656055 4.0000000003656055e-02 0.04000000001040641 0.04000000001917129 9.417237822884061e-12   
86 516 0.00037210376150980637 8.005829545438637 0.040000000003478135 4.0000000003478135e-02 0.04000000000920792 0.04000000001183229 3.3639549479325126e-12   
87 522 0.00028086334995330723 7.739529580182331 0.040000000000304445 4.0000000000304445e-02 0.040000000003005826 0.04000000000672015 2.4140411891693248e-12   
88 528 0.00023260250912132986 6.937809087361264 0.040000000000304445 4.0000000000776213e-02 0.04000000000161582 0.04000000000533299 1.9293039388301736e-12   
89 534 0.00021428993489481737 6.849280751123089 0.04000000000007617 4.0000000000076169e-02 0.04000000000162059 0.040000000004734027 4.46810644039175e-12   
90 540 0.0002647511210287625 9.013939410838612 0.04000000000007617 4.0000000000818721e-02 0.04000000000129104 0.04000000000205979 8.708936349854923e-13   
91 546 0.00019449629389045318 9.230034165407083 0.0400000000000315 4.0000000000031503e-02 0.04000000000186706 0.04000000001415911 1.5961884591852993e-12   
92 552 0.00017300536243876224 8.30397399211417 0.0400000000000315 4.0000000000340930e-02 0.04000000000099608 0.04000000000147805 5.440856098992697e-13   
93 558 0.00016562420893013563 7.1075646448384315 0.04000000000000598 4.0000000000005982e-02 0.040000000000550755 0.04000000000211458 5.136446823428287e-13   
94 564 0.00015936663997007767 6.206672810535016 0.04000000000000598 4.0000000000096098e-02 0.04000000000051873 0.040000000000541984 4.019076738082106e-13   
95 570 0.00013411458056234002 5.3482069954455245 0.04000000000000451 4.0000000000004511e-02 0.04000000000036723 0.040000000000834805 6.846190281351028e-13   
96 576 0.00010544442598190684 6.2287683718735405 0.04000000000000451 4.0000000000037346e-02 0.04000000000024133 0.04000000000041506 3.438707651959305e-13   
97 582 9.272326892426263e-05 6.512873143875888 0.040000000000000605 4.0000000000000605e-02 0.04000000000008791 0.040000000000248656 1.4124118541403163e-13   
98 588 8.35522858672126e-05 7.773952695023597 0.040000000000000605 4.0000000000012047e-02 0.040000000000047595 0.040000000000064304 1.774969060619469e-14   
99 594 8.306373096125809e-05 7.774752099141266 0.040000000000000605 4.0000000000003443e-02 0.040000000000091414 0.040000000000182334 8.548717289613705e-14   
100 600 8.104100402215136e-05 5.579330897402707 0.040000000000000605 4.0000000000008425e-02 0.040000000000032974 0.040000000000147036 2.5875135367670055e-14   
101 606 6.814827045319918e-05 7.256632935940672 0.040000000000000605 4.0000000000002242e-02 0.040000000000024336 0.04000000000005857 2.538247390049264e-14   
102 612 6.516914097004305e-05 7.836269632123715 0.040000000000000605 4.0000000000012900e-02 0.040000000000027965 0.040000000000060626 1.9935442185925467e-14   
103 618 5.7441294134461905e-05 6.772528212852069 0.040000000000000605 4.0000000000001076e-02 0.04000000000001105 0.04000000000006784 1.987993103469421e-14   
