% # columns="iteration, evaluation, sigma, max axis length,  min axis length, all principal axes lengths  (sorted square roots of eigenvalues of C)", seed=343202, Wed Jul 23 19:17:18 2025
1 6 0.9200317828438686 1.0000250003125026 1.0 1.0 1.0000250003125026
2 12 0.7190363648318868 0.9807574455256316 0.8995846670646723 0.8995846670646723 0.9807574455256316
3 18 0.5562397538329393 0.9792156909609141 0.7068269460776392 0.7068269460776392 0.9792156909609141
4 24 0.4841779135110712 0.7908838423082312 0.6775391257913829 0.6775391257913829 0.7908838423082312
5 30 0.4272528900277298 0.7387941489796078 0.5982476871314539 0.5982476871314539 0.7387941489796078
6 36 0.3687430994356119 0.7190861850595286 0.4924283515178928 0.4924283515178928 0.7190861850595286
7 42 0.3022753381070309 0.6844866589749985 0.4296092196701504 0.4296092196701504 0.6844866589749985
8 48 0.26156410063728114 0.6238378712393879 0.3724583629236926 0.3724583629236926 0.6238378712393879
9 54 0.3207155741796275 0.55591444402159 0.34063073220972145 0.34063073220972145 0.55591444402159
10 60 0.28209482014589 0.6244970461920519 0.352305406522089 0.352305406522089 0.6244970461920519
11 66 0.4011483100785242 0.6078797261287052 0.2899953823266051 0.2899953823266051 0.6078797261287052
12 72 0.36545953086369837 0.812186739267661 0.2697687501493125 0.2697687501493125 0.812186739267661
13 78 0.38746521064355993 0.6878389733027122 0.2600249588243253 0.2600249588243253 0.6878389733027122
14 84 0.33725578715795723 0.6153539694488379 0.2621532404075882 0.2621532404075882 0.6153539694488379
15 90 0.4183543489450963 0.5869427571967848 0.22111002263093107 0.22111002263093107 0.5869427571967848
16 96 0.36202532984305474 0.6483220505620044 0.2047365039845276 0.2047365039845276 0.6483220505620044
17 102 0.34764138026392716 0.5957961549328888 0.18005459670825835 0.18005459670825835 0.5957961549328888
18 108 0.2774550654861607 0.5950126255581153 0.16017581391843794 0.16017581391843794 0.5950126255581153
19 114 0.25729188146182774 0.4702173351773576 0.15682294796086238 0.15682294796086238 0.4702173351773576
20 120 0.3044832376363848 0.44991359812997345 0.1435567951193114 0.1435567951193114 0.44991359812997345
21 126 0.26469213433684396 0.5476272412643064 0.13812561586224004 0.13812561586224004 0.5476272412643064
22 132 0.23272910109361983 0.47293601826572806 0.1366406530677553 0.1366406530677553 0.47293601826572806
23 138 0.20958035508489753 0.4243303241132325 0.13635015726110133 0.13635015726110133 0.4243303241132325
24 144 0.1795559144145771 0.4174799040548316 0.12095240645830206 0.12095240645830206 0.4174799040548316
25 150 0.19246943449935291 0.3772411941602292 0.1078397789204468 0.1078397789204468 0.3772411941602292
26 156 0.17428754225202236 0.3722177383127367 0.11190281256763263 0.11190281256763263 0.3722177383127367
27 162 0.18097286533545023 0.3317563804284686 0.10074642034663919 0.10074642034663919 0.3317563804284686
28 168 0.15746648360253143 0.35438692385698506 0.08619566276095315 0.08619566276095315 0.35438692385698506
29 174 0.14718649384918525 0.3159582369582195 0.08110535121547464 0.08110535121547464 0.3159582369582195
30 180 0.14467733552501383 0.29209847554033236 0.07764668648535632 0.07764668648535632 0.29209847554033236
31 186 0.11674234405377243 0.2821217133891683 0.0718577071054502 0.0718577071054502 0.2821217133891683
32 192 0.11543654996500888 0.26148539530974085 0.061040034369835114 0.061040034369835114 0.26148539530974085
33 198 0.17791345355178045 0.24841123052012862 0.059086779397867994 0.059086779397867994 0.24841123052012862
34 204 0.3937028157654604 0.2468462817864112 0.06729350853180839 0.06729350853180839 0.2468462817864112
35 210 0.5538935933569303 0.2461795205688249 0.07768412061251116 0.07768412061251116 0.2461795205688249
36 216 0.5108284694383668 0.22193205015205694 0.07119606326359033 0.07119606326359033 0.22193205015205694
37 222 0.4291437118032515 0.21664535073507263 0.05661400891778166 0.05661400891778166 0.21664535073507263
38 228 0.35320493924139096 0.1994176809639421 0.048362098348305745 0.048362098348305745 0.1994176809639421
39 234 0.3418690438582696 0.18283254817000447 0.04348164735590982 0.04348164735590982 0.18283254817000447
40 240 0.36949348910487045 0.17542323952844405 0.03998936891087457 0.03998936891087457 0.17542323952844405
41 246 0.6834727713770707 0.1943487786284009 0.03333414230932499 0.03333414230932499 0.1943487786284009
42 252 0.7670011040029397 0.21843014055440144 0.03212408704238966 0.03212408704238966 0.21843014055440144
43 258 0.5792902703702469 0.1972966254571521 0.028764920129160446 0.028764920129160446 0.1972966254571521
44 264 0.5533376916534419 0.17256593514174515 0.025502497234998457 0.025502497234998457 0.17256593514174515
45 270 0.6580252815684323 0.1491734834072202 0.0242082010251686 0.0242082010251686 0.1491734834072202
46 276 0.7040546989662477 0.1420562183551556 0.02530443615419533 0.02530443615419533 0.1420562183551556
47 282 0.6382127644137001 0.13737066746158097 0.02417392835584476 0.02417392835584476 0.13737066746158097
48 288 0.6628692715570224 0.11612778865974827 0.022985537536302877 0.022985537536302877 0.11612778865974827
49 294 0.649330495495323 0.120526111083738 0.021279233205776644 0.021279233205776644 0.120526111083738
50 300 0.7013954883648543 0.10985138433937865 0.019870624238069685 0.019870624238069685 0.10985138433937865
51 306 1.0980263669299095 0.10912230597476778 0.01945504775781519 0.01945504775781519 0.10912230597476778
52 312 1.4783119239520173 0.12818282254066515 0.01730009668343808 0.01730009668343808 0.12818282254066515
53 318 1.6417883280643926 0.13310199837982079 0.015117002348897764 0.015117002348897764 0.13310199837982079
54 324 1.3328135662062675 0.1304420111484028 0.013954382083136124 0.013954382083136124 0.1304420111484028
55 330 1.0088892562999991 0.12350529052565247 0.012637251730726337 0.012637251730726337 0.12350529052565247
56 336 1.0990268540475887 0.10213075642966037 0.01177438059279785 0.01177438059279785 0.10213075642966037
57 342 0.9710290506901876 0.11531685625064281 0.010122259909799945 0.010122259909799945 0.11531685625064281
58 348 0.9630471389919346 0.10367739510835003 0.008908583426752414 0.008908583426752414 0.10367739510835003
59 354 0.6861983173549342 0.10244012079228146 0.008245195622472966 0.008245195622472966 0.10244012079228146
60 360 0.7761967698965224 0.08225645084345869 0.008070467582186639 0.008070467582186639 0.08225645084345869
61 366 1.0731719028053157 0.09173520923363503 0.00735282476714949 0.00735282476714949 0.09173520923363503
62 372 1.010194338024243 0.08371007384652858 0.009071581350832775 0.009071581350832775 0.08371007384652858
63 378 0.8048964101150203 0.07125587493457969 0.008623511110051942 0.008623511110051942 0.07125587493457969
64 384 0.7882890152444093 0.06401746969859004 0.007422641808844082 0.007422641808844082 0.06401746969859004
65 390 0.6286644459743125 0.06119296791632775 0.00670249139041334 0.00670249139041334 0.06119296791632775
66 396 0.5037047370914938 0.057761109580646106 0.005708787259569361 0.005708787259569361 0.057761109580646106
67 402 0.4439310073668083 0.05351032159853077 0.0051182510906907334 0.0051182510906907334 0.05351032159853077
68 408 0.5058410465097494 0.05081635053407586 0.004452110404251828 0.004452110404251828 0.05081635053407586
69 414 0.3977437022377666 0.04624861965019201 0.005260035571465159 0.005260035571465159 0.04624861965019201
70 420 0.28189063527790037 0.041269210468287035 0.004756945701988892 0.004756945701988892 0.041269210468287035
71 426 0.3141673082595594 0.033627033558666856 0.0044947242314288365 0.0044947242314288365 0.033627033558666856
72 432 0.31274514170468826 0.03166529258259103 0.004817623252510916 0.004817623252510916 0.03166529258259103
73 438 0.36465012738790653 0.02563574273903221 0.005114988679752981 0.005114988679752981 0.02563574273903221
74 444 0.4194808353538867 0.02230732141014312 0.0058864208178687205 0.0058864208178687205 0.02230732141014312
75 450 0.44038844452051734 0.020403513914935615 0.006302826598963809 0.006302826598963809 0.020403513914935615
76 456 0.4810048902689587 0.018520982308276868 0.00640347536205624 0.00640347536205624 0.018520982308276868
77 462 0.5168973356625172 0.021304904427362294 0.005238094068661989 0.005238094068661989 0.021304904427362294
78 468 0.4506394858704605 0.02212915036215822 0.004663986382790562 0.004663986382790562 0.02212915036215822
79 474 0.7734966019818584 0.02095425398027491 0.0039058475196123146 0.0039058475196123146 0.02095425398027491
80 480 0.7800811126878764 0.02326172463123752 0.0037539520093794972 0.0037539520093794972 0.02326172463123752
81 486 0.8145522504134133 0.020775782891280035 0.00347777201152647 0.00347777201152647 0.020775782891280035
82 492 0.8425296381490113 0.018576014055438392 0.003256252378974959 0.003256252378974959 0.018576014055438392
83 498 0.885984818121748 0.015708722218512577 0.00331230144093565 0.00331230144093565 0.015708722218512577
84 504 0.8120588309242402 0.014430136465021823 0.0032618639091224486 0.0032618639091224486 0.014430136465021823
85 510 0.6909291687658037 0.013405901560148124 0.0031608328297312908 0.0031608328297312908 0.013405901560148124
86 516 0.6123553977505559 0.012173705752952709 0.0029188402140588694 0.0029188402140588694 0.012173705752952709
87 522 0.5807573568823143 0.011492241548109733 0.0026518854667250307 0.0026518854667250307 0.011492241548109733
88 528 0.5783059433317358 0.00972526280966491 0.002800921880347292 0.002800921880347292 0.00972526280966491
89 534 0.5668195837550216 0.009962195051744978 0.0024976898933693624 0.0024976898933693624 0.009962195051744978
90 540 0.6470275260084017 0.009824594400194484 0.0022284588137350134 0.0022284588137350134 0.009824594400194484
91 546 0.5610512912840259 0.011345322274992428 0.001812545255875441 0.001812545255875441 0.011345322274992428
92 552 0.47083320171671744 0.009898176499301229 0.0016602875709892423 0.0016602875709892423 0.009898176499301229
93 558 0.4027061039124103 0.008506055371621744 0.0015583538431964562 0.0015583538431964562 0.008506055371621744
94 564 0.39898861645199557 0.007572648725518098 0.0015591277222952544 0.0015591277222952544 0.007572648725518098
95 570 0.3187035646172235 0.008211260752294147 0.0012382441299428426 0.0012382441299428426 0.008211260752294147
96 576 0.3447724923698298 0.007621215279503453 0.0010333861096023305 0.0010333861096023305 0.007621215279503453
97 582 0.29026544552177264 0.006682683048318019 0.0011447765411272052 0.0011447765411272052 0.006682683048318019
98 588 0.22548277845697198 0.006327439797827499 0.0009868850504418918 0.0009868850504418918 0.006327439797827499
99 594 0.17734394938994222 0.005832905242748663 0.0008346286348005497 0.0008346286348005497 0.005832905242748663
100 600 0.1490862866714173 0.005039469908693452 0.0007751793448272658 0.0007751793448272658 0.005039469908693452
101 606 0.1914846901211147 0.004107763641854059 0.0007566332326422956 0.0007566332326422956 0.004107763641854059
102 612 0.1790259153219824 0.004261756284550965 0.0009049051888232869 0.0009049051888232869 0.004261756284550965
103 618 0.15910699894136307 0.004197220732790357 0.0008859086692196144 0.0008859086692196144 0.004197220732790357
104 624 0.1184333908135416 0.0039842301155516265 0.0007917588223490554 0.0007917588223490554 0.0039842301155516265
105 630 0.09828391420903984 0.003460322554648257 0.0007026493383087103 0.0007026493383087103 0.003460322554648257
106 636 0.08025595498963856 0.003318534951607054 0.0005740464329115573 0.0005740464329115573 0.003318534951607054
107 642 0.06422790484562046 0.002823849021077657 0.0005357160368732088 0.0005357160368732088 0.002823849021077657
108 648 0.06381668707233602 0.0024915488648128105 0.00048408286501916024 0.00048408286501916024 0.0024915488648128105
109 654 0.04646961712116408 0.002398578734688482 0.0004717439312958535 0.0004717439312958535 0.002398578734688482
110 660 0.05402748968304399 0.0022275417049194336 0.0003954092978815794 0.0003954092978815794 0.0022275417049194336
111 666 0.04546055906688005 0.002361608614838896 0.00041851444290098725 0.00041851444290098725 0.002361608614838896
112 672 0.03463085757185369 0.002351607284779601 0.0003486659193485623 0.0003486659193485623 0.002351607284779601
113 678 0.031542222440721045 0.001952186496343726 0.0003270082324259961 0.0003270082324259961 0.001952186496343726
114 684 0.027092905222795175 0.0017964284061565614 0.00030297135925738515 0.00030297135925738515 0.0017964284061565614
115 690 0.027240828562113625 0.0017515782157571014 0.0002592746197394388 0.0002592746197394388 0.0017515782157571014
116 696 0.023495010707210513 0.0018800306636339165 0.00022240757667458657 0.00022240757667458657 0.0018800306636339165
117 702 0.01963878929312549 0.0017428716424720038 0.0001919829565402122 0.0001919829565402122 0.0017428716424720038
118 708 0.019026669578826462 0.0016347301263060798 0.00016334834297214922 0.00016334834297214922 0.0016347301263060798
119 714 0.017320934447231498 0.0014387518494633396 0.00016301151696331513 0.00016301151696331513 0.0014387518494633396
120 720 0.0155354401562903 0.0011626652157596263 0.00016288819075347327 0.00016288819075347327 0.0011626652157596263
121 726 0.015227916358612805 0.0009718326834468709 0.00016819996724241526 0.00016819996724241526 0.0009718326834468709
122 732 0.012577121201699026 0.001036711133417281 0.00014435239492503323 0.00014435239492503323 0.001036711133417281
123 738 0.01008302637493191 0.0008568501396774417 0.00013840569383710574 0.00013840569383710574 0.0008568501396774417
124 744 0.009230058643895957 0.0007463448632418105 0.00013002748721526646 0.00013002748721526646 0.0007463448632418105
125 750 0.009252485173442642 0.0007112994744997657 0.0001173674130915819 0.0001173674130915819 0.0007112994744997657
126 756 0.00928716285138982 0.0006134046383431374 0.00011866630284645533 0.00011866630284645533 0.0006134046383431374
127 762 0.01069310754910148 0.00059321558552969 0.00011594060941195821 0.00011594060941195821 0.00059321558552969
128 768 0.010811243651150784 0.000502784618898274 0.0001421134826980832 0.0001421134826980832 0.000502784618898274
129 774 0.009858749689049711 0.00047798244011667147 0.00013125308781275507 0.00013125308781275507 0.00047798244011667147
130 780 0.008677450037226092 0.0004381717068185814 0.00013128768635904412 0.00013128768635904412 0.0004381717068185814
131 786 0.006420583653409982 0.0004301419862098643 0.00011360816080269668 0.00011360816080269668 0.0004301419862098643
132 792 0.004953227547264419 0.0003840822111658396 9.825771036435782e-05 9.825771036435782e-05 0.0003840822111658396
133 798 0.004320750884934863 0.00037133922431415475 8.227143283068895e-05 8.227143283068895e-05 0.00037133922431415475
134 804 0.0033929829696508493 0.0003590045660103092 7.023076896926017e-05 7.023076896926017e-05 0.0003590045660103092
135 810 0.004401965804938974 0.000330988351828619 6.131782109383462e-05 6.131782109383462e-05 0.000330988351828619
136 816 0.0038043513326091877 0.0004075764136836724 5.852241835132541e-05 5.852241835132541e-05 0.0004075764136836724
137 822 0.0031312020074724172 0.0003612804273917901 5.264240511258333e-05 5.264240511258333e-05 0.0003612804273917901
138 828 0.0025692114745572564 0.0003640949931295257 4.264582160789465e-05 4.264582160789465e-05 0.0003640949931295257
139 834 0.001987156047397978 0.0003411534770193755 3.658393139381509e-05 3.658393139381509e-05 0.0003411534770193755
140 840 0.001514487612766538 0.00026926482595534905 3.579884799134136e-05 3.579884799134136e-05 0.00026926482595534905
141 846 0.0015598296469297905 0.00022189553755244898 3.353555580376059e-05 3.353555580376059e-05 0.00022189553755244898
142 852 0.0013237992865861598 0.00023984128751199885 2.983718191622982e-05 2.983718191622982e-05 0.00023984128751199885
143 858 0.0011940428598823842 0.00022767478516715967 2.714873270413611e-05 2.714873270413611e-05 0.00022767478516715967
144 864 0.0008879548340115251 0.00022645965397047877 2.283230704099922e-05 2.283230704099922e-05 0.00022645965397047877
145 870 0.00154072646240006 0.0002106940178610269 1.878443850394756e-05 1.878443850394756e-05 0.0002106940178610269
146 876 0.0017478320774707793 0.00018618257955405588 2.4087380200312085e-05 2.4087380200312085e-05 0.00018618257955405588
147 882 0.0015088473117675465 0.0001645694325144598 2.1552445242160628e-05 2.1552445242160628e-05 0.0001645694325144598
148 888 0.0011952787801734108 0.0001274515080188743 2.4514805112053126e-05 2.4514805112053126e-05 0.0001274515080188743
149 894 0.001218763659762796 0.00011988140318381405 2.0469008387753972e-05 2.0469008387753972e-05 0.00011988140318381405
150 900 0.0010750039845990858 0.00011163330919266224 2.032257226037679e-05 2.032257226037679e-05 0.00011163330919266224
150 900 0.0010750039845990858 0.00011163330919266224 2.032257226037679e-05 2.032257226037679e-05 0.00011163330919266224
