% # columns="iteration, evaluation, sigma, axis ratio, bestever, best, median, worst objective function value, interquartile range, further/more values", seed=343202, Wed Jul 23 19:17:18 2025, <python>{}</python>
1 6 0.9200317828438686 1.0000250003125026 0.7173686870076343 7.1736868700763434e-01 27.404821872883286 49.27022982879153 43.753785961273124   
2 12 0.7190363648318868 1.0902336171711602 0.7173686870076343 8.3480454703423383e+00 19.766993550590204 32.51318971684349 18.849811816379543   
3 18 0.5562397538329393 1.3853683654745037 0.6168998401180741 6.1689984011807408e-01 3.729712112524799 12.69742806453555 6.05464340177188   
4 24 0.4841779135110712 1.1672888135935453 0.6168998401180741 8.1287967948245743e-01 5.295390170014874 27.875836790898656 3.8154573255050694   
5 30 0.4272528900277298 1.2349302218318001 0.6168998401180741 1.6135539002389956e+00 8.27264027104319 20.932772606246765 7.003610847865105   
6 36 0.3687430994356119 1.4602859133576918 0.6168998401180741 1.3062904673494302e+00 2.582286840085332 6.197835244932012 0.49454008289693396   
7 42 0.3022753381070309 1.5932773963755722 0.6168998401180741 1.1545360018501365e+00 1.2817863550543325 2.902493548987608 1.040618042094553   
8 48 0.26156410063728114 1.6749197583924211 0.6168998401180741 1.2075058404730137e+00 1.7080860187781421 10.735913815840947 0.2913188865981322   
9 54 0.3207155741796275 1.6320149400944874 0.6168998401180741 8.5795936545329265e-01 1.1922192868836117 3.731652434102358 0.6325349829661989   
10 60 0.28209482014589 1.7726013698086602 0.6168998401180741 8.6068670426759519e-01 1.723489993594785 2.1635330304965876 0.6529658234663411   
11 66 0.4011483100785242 2.0961703639959524 0.5817570842890015 5.8175708428900152e-01 1.5072461299840691 2.1302982482060684 1.3880450777418925   
12 72 0.36545953086369837 3.01067762228994 0.5817570842890015 5.9824975602467001e-01 2.67178126865139 6.168227729090266 1.50012806559092   
13 78 0.38746521064355993 2.645280577728775 0.5361531539826879 5.3615315398268792e-01 1.2018819799817635 6.8992030763682655 4.991624483154967   
14 84 0.33725578715795723 2.3473063636066582 0.5361531539826879 6.1115090453974075e-01 1.750923252450525 4.493154420396476 2.2511069623297875   
15 90 0.4183543489450963 2.654528049940498 0.389901462623965 3.8990146262396502e-01 0.9428258213063232 2.3815364607079497 0.8685487452596512   
16 96 0.36202532984305474 3.166616787649161 0.389901462623965 5.7149401128637933e-01 0.652747480341972 0.7831766985832012 0.0897057465561708   
17 102 0.34764138026392716 3.308974976619201 0.3645930051478532 3.6459300514785320e-01 0.612439372640753 2.0240076513704364 0.3641586014265158   
18 108 0.2774550654861607 3.71474700831611 0.34731203902716096 3.4731203902716096e-01 0.6553273389347537 1.5500529834948251 0.554046679758353   
19 114 0.25729188146182774 2.998396225115649 0.34731203902716096 3.7027952675635839e-01 0.5634782724859908 0.8141984628121818 0.16490574341868908   
20 120 0.3044832376363848 3.1340459903416344 0.34731203902716096 5.6908695556106037e-01 0.6511082794726477 0.86820140439208 0.18942505310791757   
21 126 0.26469213433684396 3.964704431149715 0.34731203902716096 3.5046656289921940e-01 0.5234120422440955 0.9743452883398134 0.27850750238438426   
22 132 0.23272910109361983 3.4611662609019858 0.34731203902716096 4.3890275363151521e-01 0.4721471055410907 0.7022666943886374 0.05719233405576862   
23 138 0.20958035508489753 3.1120633275154104 0.34731203902716096 3.9107366813589584e-01 0.46916444101690385 0.4938422773445283 0.07280748028009693   
24 144 0.1795559144145771 3.4516047781054806 0.34731203902716096 3.9075923399471835e-01 0.42450236162036353 0.5751546462987898 0.040031308354737005   
25 150 0.19246943449935291 3.4981636455182215 0.34731203902716096 3.6034547102128089e-01 0.48448771365442234 0.5573900429964045 0.1248988363310844   
26 156 0.17428754225202236 3.326259007902711 0.33263061529266413 3.3263061529266413e-01 0.36040476868038396 0.4831863987291384 0.12676484882005745   
27 162 0.18097286533545023 3.2929842994618688 0.33263061529266413 3.5275495864544865e-01 0.41238905862865494 0.4864332436638037 0.06856707546002844   
28 168 0.15746648360253143 4.111424084525088 0.31619262870155024 3.1619262870155024e-01 0.37764381295229976 0.39159554148805914 0.005566039654708865   
29 174 0.14718649384918525 3.895652163798727 0.31087288241481836 3.1087288241481836e-01 0.359843344529499 0.38367241112625244 0.035431563490136375   
30 180 0.14467733552501383 3.7618923454695046 0.30744807942942864 3.0744807942942864e-01 0.32447459969354625 0.35229959715177106 0.031760661806471635   
31 186 0.11674234405377243 3.9261162755326797 0.30744807942942864 3.0977191464533610e-01 0.3190008450264766 0.33139763715204373 0.015385661732529143   
32 192 0.11543654996500888 4.283834339368626 0.30744807942942864 3.0748368211406540e-01 0.3325823914075974 0.343547992719915 0.025340595075683314   
33 198 0.17791345355178045 4.204176180384134 0.2881912378947744 2.8819123789477441e-01 0.30737519740823727 0.3193913264766958 0.013892454154153355   
34 204 0.3937028157654604 3.668203474184015 0.2478746226744147 2.4787462267441471e-01 0.28362547785915687 0.31687643724610015 0.03198005353149774   
35 210 0.5538935933569303 3.168981236162404 0.2478746226744147 2.5760789649511462e-01 0.3911331685514346 0.5995883438983733 0.1964945095177097   
36 216 0.5108284694383668 3.117195529904432 0.24535535732282163 2.4535535732282163e-01 0.3053930142803475 1.0455244060009785 0.20314337085711082   
37 222 0.4291437118032515 3.8267092346295124 0.23567271521461639 2.3567271521461639e-01 0.3418508374049572 0.3896542869203105 0.09124628885867841   
38 228 0.35320493924139096 4.123429044118973 0.2352991382414124 2.3529913824141241e-01 0.3163459469960327 0.34389249792808185 0.06355021696291058   
39 234 0.3418690438582696 4.204821097817829 0.22480497064860594 2.2480497064860594e-01 0.31103119459076134 0.36154586297392743 0.10290428891183584   
40 240 0.36949348910487045 4.3867468856389 0.21427600086464263 2.1427600086464263e-01 0.23965018874320226 0.2948488417637303 0.01142239316321772   
41 246 0.6834727713770707 5.830321861139748 0.21427600086464263 2.4310725688604140e-01 0.2791300474166675 0.2988554854404166 0.038160602828676005   
42 252 0.7670011040029397 6.7995750436789 0.17566454331732048 1.7566454331732048e-01 0.27742434346397804 0.5322763164755315 0.12922824360220264   
43 258 0.5792902703702469 6.858931802043927 0.17566454331732048 1.8732075691215969e-01 0.2365618355204822 0.2997861937186563 0.04463936961036391   
44 264 0.5533376916534419 6.766628912909892 0.16852434734964927 1.6852434734964927e-01 0.23396465627392557 0.4593973284506619 0.14322334325227667   
45 270 0.6580252815684323 6.162105282095462 0.14999660302006787 1.4999660302006787e-01 0.18820116979023793 0.26609972607700344 0.03426747521568957   
46 276 0.7040546989662477 5.613885940375064 0.14594095019500442 1.4594095019500442e-01 0.18138261989132598 0.20699662291012305 0.020426729280545397   
47 282 0.6382127644137001 5.682595953767173 0.14594095019500442 1.4632374754410005e-01 0.1695991292266946 0.2337246235208112 0.018898299421576503   
48 288 0.6628692715570224 5.052211133907069 0.11880564201544903 1.1880564201544903e-01 0.1655789770375927 0.1744860910421158 0.02947519813925875   
49 294 0.649330495495323 5.6640251045803165 0.11880564201544903 1.1927122834878903e-01 0.16990040951005986 0.22830992496413083 0.05816683141864723   
50 300 0.7013954883648543 5.528330817555134 0.11253004004814414 1.1253004004814414e-01 0.14623436002929716 0.18728641174611677 0.004737763435048753   
51 306 1.0980263669299095 5.608945674827902 0.08498913000751501 8.4989130007515012e-02 0.11526358201997244 0.12159042403299336 0.015295719464962679   
52 312 1.4783119239520173 7.4093702992641965 0.07717217698945592 7.7172176989455915e-02 0.10985215863922397 0.17805421632115703 0.02389829860768966   
53 318 1.6417883280643926 8.80478783477372 0.06837223302743275 6.8372233027432755e-02 0.21556916425042977 0.36906958727521244 0.11304448510857823   
54 324 1.3328135662062675 9.34774541583192 0.06837223302743275 8.8552004779279672e-02 0.16730962600644791 2.0660687926888874 0.3215690996644826   
55 330 1.0088892562999991 9.773113106970916 0.06837223302743275 7.0811761558522340e-02 0.11800281690825905 0.1905419574120793 0.06902948581756192   
56 336 1.0990268540475887 8.673981244680649 0.06175925055286591 6.1759250552865907e-02 0.07845652376951721 0.13104229126022932 0.024524412138824614   
57 342 0.9710290506901876 11.392402218302841 0.055423820060183364 5.5423820060183364e-02 0.06673616039660446 0.14098122809232738 0.03534467868212626   
58 348 0.9630471389919346 11.637921557428259 0.055423820060183364 5.7805194772991911e-02 0.06910555312793569 0.10741290523576187 0.0336106191431795   
59 354 0.6861983173549342 12.424219567704665 0.05449915355220274 5.4499153552202743e-02 0.1028213353792348 0.2547396676232779 0.12351967364596449   
60 360 0.7761967698965224 10.19227820517084 0.04791091286443758 4.7910912864437577e-02 0.05624235501220418 0.06226123417740553 0.007360786510104855   
61 366 1.0731719028053157 12.476185974604496 0.04631304486561236 4.6313044865612357e-02 0.05281086469626832 0.059679831850546525 0.010107560210654613   
62 372 1.010194338024243 9.227726744559696 0.04491425884171044 4.4914258841710443e-02 0.05684225874607033 0.08669719909019397 0.03549219062886709   
63 378 0.8048964101150203 8.262977112828292 0.04324366339408428 4.3243663394084281e-02 0.05024899592740362 0.0802458124421961 0.013465403116570733   
64 384 0.7882890152444093 8.624620633359028 0.04247274127359785 4.2472741273597847e-02 0.04522695793860568 0.06660683971800474 0.0013595663107243902   
65 390 0.6286644459743125 9.129883852421331 0.04247274127359785 4.2768397469855481e-02 0.04849652249325338 0.07931475411407862 0.010591324758970982   
66 396 0.5037047370914938 10.117929948050522 0.04247274127359785 4.3975327457374418e-02 0.054245678279673526 0.05984980638454697 0.010037629151935505   
67 402 0.4439310073668083 10.454805880050971 0.04247274127359785 4.3332155649827321e-02 0.046814965114835405 0.0521955784297159 0.005190238138135579   
68 408 0.5058410465097494 11.413991550062535 0.042049783916769695 4.2049783916769695e-02 0.045151111539242304 0.04813723764273652 0.0022603399513786357   
69 414 0.3977437022377666 8.792453781317237 0.042049783916769695 4.2806139142683372e-02 0.04330279354720936 0.04801398252231779 0.001468622865788645   
70 420 0.28189063527790037 8.675568958256612 0.042049783916769695 4.2905331756828168e-02 0.04340792026478452 0.04649919963937894 0.0008052618309646667   
71 426 0.3141673082595594 7.481445318387664 0.042049783916769695 4.2268338217074826e-02 0.04328650136775717 0.043743827916889154 0.000657785715431243   
72 432 0.31274514170468826 6.572803833526682 0.042049783916769695 4.2420303174651348e-02 0.042590333895861754 0.044309080322702955 0.00011785380659630473   
73 438 0.36465012738790653 5.011886505342225 0.042049783916769695 4.2153058358345097e-02 0.04272391290433414 0.04370901762603695 0.0005777886010119374   
74 444 0.4194808353538867 3.7896239668131417 0.04189662896583612 4.1896628965836118e-02 0.04248935556064508 0.04275093623632535 0.0001536990335566646   
75 450 0.44038844452051734 3.237200578910099 0.04178960893150661 4.1789608931506607e-02 0.04293656654108817 0.04327553084826582 0.0011376643775729278   
76 456 0.4810048902689587 2.8923328756791746 0.041085277441342306 4.1085277441342306e-02 0.04209188570425886 0.04226856967794354 0.0004970491159361282   
77 462 0.5168973356625172 4.067300844179835 0.04096150000581863 4.0961500005818628e-02 0.04179630841158582 0.04374095379564037 0.0007439819337893422   
78 468 0.4506394858704605 4.744685885836116 0.04092194253186423 4.0921942531864229e-02 0.041673425495034715 0.04348740222389448 0.0008249126648578811   
79 474 0.7734966019818584 5.364841785312392 0.04032941845167718 4.0329418451677181e-02 0.04093861096082128 0.04244053820095696 0.0017153137201825416   
80 480 0.7800811126878764 6.196596166684221 0.04032941845167718 4.0337043731968003e-02 0.04170651562824698 0.04578242447341084 0.0009716798136717442   
81 486 0.8145522504134133 5.973877189885456 0.040204083674045744 4.0204083674045744e-02 0.040936780140995783 0.04296756779062413 0.0009932312661273326   
82 492 0.8425296381490113 5.7047218377114755 0.04008355501336018 4.0083555013360181e-02 0.040844767708152915 0.04179961919722018 0.0005386060276629245   
83 498 0.885984818121748 4.742540043117337 0.04001936406451729 4.0019364064517289e-02 0.04045604425220013 0.041863193225446745 0.00031622031084279495   
84 504 0.8120588309242402 4.423892862196086 0.04001936406451729 4.0281025972438628e-02 0.04134687689290273 0.04236686460006234 0.0006843818116855291   
85 510 0.6909291687658037 4.241256112645409 0.04001936406451729 4.0116265777074459e-02 0.04023721173612517 0.04048684796841977 0.0001909540259514425   
86 516 0.6123553977505559 4.170733873788947 0.04001936406451729 4.0026846191073800e-02 0.040374024101311724 0.04053986404445192 0.00021959485894312847   
87 522 0.5807573568823143 4.333611572713274 0.04001936406451729 4.0146854002464961e-02 0.040370264861620826 0.0405292375010457 0.00030763504292573296   
88 528 0.5783059433317358 3.4721649603662113 0.04001936406451729 4.0022362224241576e-02 0.040251585599362726 0.04106364356097728 0.00048146404086114175   
89 534 0.5668195837550216 3.9885636236074373 0.04000527049500816 4.0005270495008162e-02 0.04031621636439966 0.04042553298760985 0.00025863274232674344   
90 540 0.6470275260084017 4.408694627713559 0.04000527049500816 4.0018402267103480e-02 0.04011299971934783 0.040372150716267145 0.00011152428574365963   
91 546 0.5610512912840259 6.259331863971998 0.04000527049500816 4.0010169318153675e-02 0.040099819813318505 0.04033324721068768 0.0002246843831499798   
92 552 0.47083320171671744 5.9617241448140454 0.04000527049500816 4.0024678492831409e-02 0.040071975584847576 0.040506867476119736 6.744468551383304e-05   
93 558 0.4027061039124103 5.458359414813222 0.04000527049500816 4.0006640911026077e-02 0.04014575067615776 0.04024770264794692 0.00015899242761419768   
94 564 0.39898861645199557 4.856977794205402 0.04000172380671026 4.0001723806710257e-02 0.040014452518440956 0.04003397801607299 1.184917004776187e-05   
95 570 0.3187035646172235 6.631374664924258 0.04000033810789854 4.0000338107898541e-02 0.04001245553641533 0.04004611514194984 1.4298666311793329e-05   
96 576 0.3447724923698298 7.374992956346454 0.04000033810789854 4.0006231492192686e-02 0.040009407970190446 0.04002556788914611 1.3365278221016963e-05   
97 582 0.29026544552177264 5.837543667463616 0.04000033810789854 4.0000665696315864e-02 0.04000579003549273 0.04004004568289836 3.406140344806852e-05   
98 588 0.22548277845697198 6.411526646385309 0.04000033810789854 4.0000470307793905e-02 0.0400038141177263 0.04000765558672829 4.6998468443554264e-06   
99 594 0.17734394938994222 6.9886234422600975 0.04000014579620088 4.0000145796200877e-02 0.040002333060923025 0.04000977880423367 1.996051813377142e-06   
100 600 0.1490862866714173 6.501037395180341 0.04000014579620088 4.0000259599512616e-02 0.04000058881057708 0.04000137695568733 3.730716104377585e-07   
101 606 0.1914846901211147 5.42900240782318 0.04000014579620088 4.0000299043498118e-02 0.04000094006855126 0.040003340586523606 7.787322943778041e-07   
102 612 0.1790259153219824 4.709616363337282 0.04000014579620088 4.0001468257418675e-02 0.040002796085052375 0.04000962398059111 1.3359354818429092e-06   
103 618 0.15910699894136307 4.737757828340968 0.04000011235657125 4.0000112356571249e-02 0.040000718921900755 0.040006960898670785 6.13683136376636e-06   
104 624 0.1184333908135416 5.032125949327453 0.040000000370393314 4.0000000370393314e-02 0.040000799883651274 0.04000186536317442 7.634075682785846e-07   
105 630 0.09828391420903984 4.924679162122768 0.040000000370393314 4.0000021192110338e-02 0.04000008474239538 0.040001648354300125 1.079828779726455e-07   
106 636 0.08025595498963856 5.780952134438813 0.040000000370393314 4.0000008545317121e-02 0.040000056117984184 0.04000028410522712 4.1941105304033055e-08   
107 642 0.06422790484562046 5.271167608794198 0.040000000370393314 4.0000003976240685e-02 0.04000006279380629 0.04000038399793608 7.636505300334662e-08   
108 648 0.06381668707233602 5.146947030885288 0.040000000370393314 4.0000026788241647e-02 0.04000007191621197 0.0400000968992014 5.00573500497592e-08   
109 654 0.04646961712116408 5.084493038627384 0.040000000370393314 4.0000003584177046e-02 0.04000009595382204 0.04000017773994017 7.859621922734483e-08   
110 660 0.05402748968304399 5.633508662678329 0.040000000370393314 4.0000018166540953e-02 0.040000034136035915 0.040000069492272784 1.696577425769341e-08   
111 666 0.04546055906688005 5.642836597153252 0.040000000370393314 4.0000008331561206e-02 0.04000001628666888 0.04000019800137344 1.3496586986905257e-08   
112 672 0.03463085757185369 6.7445860185396915 0.040000000370393314 4.0000002220555456e-02 0.04000000988189229 0.04000001826296241 8.294389973462213e-09   
113 678 0.031542222440721045 5.969838991088756 0.040000000370393314 4.0000001409094453e-02 0.04000001252794363 0.04000002865472239 8.962827362235526e-09   
114 684 0.027092905222795175 5.929367087898333 0.040000000370393314 4.0000001097763985e-02 0.04000000805091639 0.04000001772055925 5.197063918105371e-09   
115 690 0.027240828562113625 6.755687145611751 0.040000000370393314 4.0000000767030565e-02 0.04000000409055783 0.04000000504306711 3.264984706208285e-09   
116 696 0.023495010707210513 8.453087308193032 0.040000000370393314 4.0000001477596484e-02 0.04000000328396948 0.040000012530386674 3.0225679875650613e-09   
117 702 0.01963878929312549 9.07826233057801 0.04000000016195131 4.0000000161951307e-02 0.04000000127499994 0.04000000504091613 1.7278755926053435e-09   
118 708 0.019026669578826462 10.007632134871427 0.040000000134139096 4.0000000134139096e-02 0.0400000013900468 0.04000000335394131 1.3368551821102415e-09   
119 714 0.017320934447231498 8.826074845908728 0.040000000044939664 4.0000000044939664e-02 0.040000000631441185 0.04000000134199604 1.1106588912457305e-09   
120 720 0.0155354401562903 7.137811589541735 0.040000000044939664 4.0000000075123526e-02 0.04000000048391412 0.04000000061282913 2.8583103939272547e-10   
121 726 0.015227916358612805 5.777841098186625 0.040000000044939664 4.0000000116728593e-02 0.040000000550721095 0.040000001140460956 6.020115239646628e-10   
122 732 0.012577121201699026 7.181807644796457 0.04000000001580794 4.0000000015807939e-02 0.04000000022485473 0.04000000029228712 2.607198623660878e-10   
123 738 0.01008302637493191 6.190859031319167 0.04000000001580794 4.0000000122496208e-02 0.04000000043275282 0.04000000077641557 4.3795275739277884e-10   
124 744 0.009230058643895957 5.7399006873539165 0.040000000009754066 4.0000000009754066e-02 0.0400000001562993 0.040000000300840985 8.504413839816038e-11   
125 750 0.009252485173442642 6.060451157296431 0.040000000009754066 4.0000000045625601e-02 0.040000000190472174 0.04000000029149063 1.0971967084882905e-10   
126 756 0.00928716285138982 5.169156058875735 0.040000000009754066 4.0000000020816391e-02 0.040000000085585685 0.04000000023720457 1.078180947300389e-10   
127 762 0.01069310754910148 5.116547071284457 0.040000000009754066 4.0000000030206206e-02 0.04000000017028073 0.04000000025132779 1.9217111929537012e-10   
128 768 0.010811243651150784 3.5379093478866346 0.040000000009754066 4.0000000064200049e-02 0.0400000001459796 0.04000000025800327 1.3005967830492793e-10   
129 774 0.009858749689049711 3.6416852973284604 0.040000000008010454 4.0000000008010454e-02 0.04000000004952686 0.0400000003455414 1.0368134129024043e-10   
130 780 0.008677450037226092 3.337492791367153 0.040000000008010454 4.0000000010809299e-02 0.04000000008510342 0.040000000134519625 1.1327822707629664e-10   
131 786 0.006420583653409982 3.786189153760635 0.04000000000095245 4.0000000000952447e-02 0.04000000000877829 0.04000000013404733 6.451347095426385e-11   
132 792 0.004953227547264419 3.9089269406094593 0.04000000000095245 4.0000000008969638e-02 0.040000000016519016 0.04000000003766958 9.286620084036912e-12   
133 798 0.004320750884934863 4.513586448389137 0.04000000000033781 4.0000000000337807e-02 0.04000000000336655 0.04000000003155954 1.0163675456809074e-11   
134 804 0.0033929829696508493 5.111784639115152 0.04000000000033781 4.0000000000642799e-02 0.04000000000261067 0.04000000001165808 6.020045573151833e-12   
135 810 0.004401965804938974 5.397914438644318 0.04000000000033781 4.0000000001672961e-02 0.040000000003147594 0.040000000004881665 2.3974641716328904e-12   
136 816 0.0038043513326091877 6.964449268601382 0.04000000000033781 4.0000000001352794e-02 0.040000000006207646 0.040000000015074685 6.2084365426429144e-12   
137 822 0.0031312020074724172 6.862916438166913 0.04000000000032786 4.0000000000327857e-02 0.04000000000266916 0.04000000001156292 3.942686455093991e-12   
138 828 0.0025692114745572564 8.537647520950188 0.04000000000011356 4.0000000000113563e-02 0.040000000002055794 0.0400000000077312 3.0989516508483916e-12   
139 834 0.001987156047397978 9.325227334016136 0.04000000000011356 4.0000000000154655e-02 0.040000000000561475 0.040000000001628865 1.0684717000053467e-12   
140 840 0.001514487612766538 7.521605891353708 0.040000000000008654 4.0000000000008654e-02 0.040000000000349645 0.0400000000015265 3.761851941064265e-13   
141 846 0.0015598296469297905 6.616724614642176 0.040000000000008654 4.0000000000158478e-02 0.04000000000020895 0.0400000000005242 9.678369217169802e-14   
142 852 0.0013237992865861598 8.038335798111621 0.040000000000008654 4.0000000000090935e-02 0.04000000000026203 0.040000000001094625 1.744160371686121e-13   
143 858 0.0011940428598823842 8.386203055897095 0.040000000000008654 4.0000000000035819e-02 0.04000000000026538 0.04000000000063498 2.0951990142847876e-13   
144 864 0.0008879548340115251 9.918386852622147 0.040000000000008654 4.0000000000070986e-02 0.040000000000134976 0.04000000000022501 7.301104165691186e-14   
145 870 0.00154072646240006 11.216412873706576 0.040000000000008654 4.0000000000010888e-02 0.04000000000008212 0.04000000000032174 1.5865780911283878e-13   
146 876 0.0017478320774707793 7.729465720462354 0.04000000000000438 4.0000000000004379e-02 0.040000000000057226 0.04000000000010739 7.89993070959838e-14   
147 882 0.0015088473117675465 7.635766181766286 0.04000000000000438 4.0000000000030740e-02 0.04000000000006248 0.040000000000196725 9.538203560310876e-14   
148 888 0.0011952787801734108 5.198960686667282 0.04000000000000438 4.0000000000004879e-02 0.04000000000003965 0.040000000000333547 2.3619994848900205e-14   
149 894 0.001218763659762796 5.856727444380535 0.040000000000004206 4.0000000000004206e-02 0.04000000000001414 0.04000000000005668 4.366645933728819e-14   
150 900 0.0010750039845990858 5.49306986155071 0.040000000000004206 4.0000000000004782e-02 0.04000000000003013 0.04000000000013497 4.290318100785839e-14   
