% # columns="iter, evals, sigma, 0, fitness, xbest" seed=343202, Wed Jul 23 19:17:18 2025, <python>{}</python>
1 6 0.9200317828438686 0 0.7173686870076343 0.6313352954709606 0.4748374534463783
2 12 0.7190363648318868 0 8.348045470342338 0.15849734451252595 -0.25128262126015855
3 18 0.5562397538329393 0 0.6168998401180741 0.33724411833958745 0.1558826738075138
4 24 0.4841779135110712 0 0.8128796794824574 0.10966909984141333 -0.002182040286362222
5 30 0.4272528900277298 0 1.6135539002389956 0.024283312989422587 0.08192422588146417
6 36 0.3687430994356119 0 1.3062904673494302 -0.029449917337748044 0.050518413937153867
7 42 0.3022753381070309 0 1.1545360018501365 -0.07289622409108781 -0.0005424996050721401
8 48 0.26156410063728114 0 1.2075058404730137 -0.04023293779043273 0.03703355559796183
9 54 0.3207155741796275 0 0.8579593654532927 0.0811271713614444 -0.0050940363282469744
10 60 0.28209482014589 0 0.8606867042675952 0.11831634820083894 -0.014866556993135143
11 66 0.4011483100785242 0 0.5817570842890015 0.2468147652954366 0.048888776765105044
12 72 0.36545953086369837 0 0.59824975602467 0.26129837487358815 0.045348765114121684
13 78 0.38746521064355993 0 0.5361531539826879 0.28004388169017325 0.06507678870536453
14 84 0.33725578715795723 0 0.6111509045397407 0.28042112385535156 0.10919040827692711
15 90 0.4183543489450963 0 0.389901462623965 0.37595996935137005 0.14352650115951954
16 96 0.36202532984305474 0 0.5714940112863793 0.27503676527328036 0.09707471584865449
17 102 0.34764138026392716 0 0.3645930051478532 0.4143024114773236 0.156966113519502
18 108 0.2774550654861607 0 0.34731203902716096 0.41072539437699107 0.1678738984615495
19 114 0.25729188146182774 0 0.3702795267563584 0.4228229281101687 0.1595058908794441
20 120 0.3044832376363848 0 0.5690869555610604 0.32749710322855174 0.14143428963226096
21 126 0.26469213433684396 0 0.3504665628992194 0.4162482215360641 0.18311165500477483
22 132 0.23272910109361983 0 0.4389027536315152 0.3377444499157437 0.11228150895086547
23 138 0.20958035508489753 0 0.39107366813589584 0.4551205189171449 0.17644592344879062
24 144 0.1795559144145771 0 0.39075923399471835 0.41935143752785076 0.15270255473353195
25 150 0.19246943449935291 0 0.3603454710212809 0.46572755301859 0.18953457731069456
26 156 0.17428754225202236 0 0.33263061529266413 0.44054005661190626 0.18006298031584606
27 162 0.18097286533545023 0 0.35275495864544865 0.4069404628549397 0.16881821656131818
28 168 0.15746648360253143 0 0.31619262870155024 0.43917931592911874 0.18878849718819204
29 174 0.14718649384918525 0 0.31087288241481836 0.4453502902207703 0.1926477845366341
30 180 0.14467733552501383 0 0.30744807942942864 0.4461905545378766 0.19635988266696514
31 186 0.11674234405377243 0 0.3097719146453361 0.4558992837162375 0.19612821681766537
32 192 0.11543654996500888 0 0.3074836821140654 0.45900676084892256 0.1985175732702464
33 198 0.17791345355178045 0 0.2881912378947744 0.46698261851776085 0.21168237560854095
34 204 0.3937028157654604 0 0.2478746226744147 0.5022175656995901 0.25315667158858945
35 210 0.5538935933569303 0 0.2576078964951146 0.5022897757419604 0.2622410879701715
36 216 0.5108284694383668 0 0.24535535732282163 0.5079218996452779 0.25231499964693094
37 222 0.4291437118032515 0 0.23567271521461639 0.5497994447986597 0.2841156811787698
38 228 0.35320493924139096 0 0.2352991382414124 0.5149544485947153 0.26463080628803376
39 234 0.3418690438582696 0 0.22480497064860594 0.5380519287830392 0.2788186093468441
40 240 0.36949348910487045 0 0.21427600086464263 0.5560587422890527 0.2960894369240509
41 246 0.6834727713770707 0 0.2431072568860414 0.6301679025438935 0.3645030778291793
42 252 0.7670011040029397 0 0.17566454331732048 0.5987760380049882 0.34641503943511415
43 258 0.5792902703702469 0 0.18732075691215969 0.5734024805063487 0.3214860817704952
44 264 0.5533376916534419 0 0.16852434734964927 0.5931313880304959 0.3463438179738556
45 270 0.6580252815684323 0 0.14999660302006787 0.6127209039788991 0.3750877188329383
46 276 0.7040546989662477 0 0.14594095019500442 0.6260077815386604 0.3840942274661958
47 282 0.6382127644137001 0 0.14632374754410005 0.6174950741842609 0.38167069694822375
48 288 0.6628692715570224 0 0.11880564201544903 0.6645406168226221 0.4336942287215735
49 294 0.649330495495323 0 0.11927122834878903 0.6546510600688823 0.42833696852146524
50 300 0.7013954883648543 0 0.11253004004814414 0.6646062452966665 0.4410606075275384
51 306 1.0980263669299095 0 0.08498913000751501 0.7401905063548696 0.5346577061260543
52 312 1.4783119239520173 0 0.07717217698945592 0.7644442192609947 0.5696489156213453
53 318 1.6417883280643926 0 0.06837223302743275 0.7386531832398799 0.5447714205961146
54 324 1.3328135662062675 0 0.08855200477927967 0.7170455328944303 0.5233677507123415
55 330 1.0088892562999991 0 0.07081176155852234 0.7426300596166325 0.5447373973527563
56 336 1.0990268540475887 0 0.06175925055286591 0.7540771779312132 0.5722117982425395
57 342 0.9710290506901876 0 0.055423820060183364 0.7653465351593787 0.5838538155318636
58 348 0.9630471389919346 0 0.05780519477299191 0.785190201178491 0.6273227006437293
59 354 0.6861983173549342 0 0.05449915355220274 0.773942719058208 0.5931587311055415
60 360 0.7761967698965224 0 0.04791091286443758 0.7910521078157159 0.6322839366594756
61 366 1.0731719028053157 0 0.04631304486561236 0.7901718326738995 0.6195911642211502
62 372 1.010194338024243 0 0.04491425884171044 0.7923291871393047 0.6235581393126209
63 378 0.8048964101150203 0 0.04324366339408428 0.7923229010177887 0.6267084058624233
64 384 0.7882890152444093 0 0.04247274127359785 0.7960193088806989 0.6365871804250255
65 390 0.6286644459743125 0 0.04276839746985548 0.7943338209787162 0.6287986853524314
66 396 0.5037047370914938 0 0.04397532745737442 0.7934120840185772 0.6331037910615831
67 402 0.4439310073668083 0 0.04333215564982732 0.7940069555653058 0.6334454138663106
68 408 0.5058410465097494 0 0.042049783916769695 0.7961208335306779 0.6360062655560988
69 414 0.3977437022377666 0 0.04280613914268337 0.7935334297835016 0.6310283252855226
70 420 0.28189063527790037 0 0.04290533175682817 0.7944677333034836 0.6337515637651491
71 426 0.3141673082595594 0 0.042268338217074826 0.7952006678884413 0.6341484629938092
72 432 0.31274514170468826 0 0.04242030317465135 0.7940388781658191 0.6304412185865299
73 438 0.36465012738790653 0 0.0421530583583451 0.7948334746884116 0.6309872372854392
74 444 0.4194808353538867 0 0.04189662896583612 0.7959037641282383 0.6319092398177703
75 450 0.44038844452051734 0 0.04178960893150661 0.7964944105096154 0.6324666374826625
76 456 0.4810048902689587 0 0.041085277441342306 0.797305043018514 0.6357131797643543
77 462 0.5168973356625172 0 0.04096150000581863 0.797755691769441 0.6356477248431441
78 468 0.4506394858704605 0 0.04092194253186423 0.7977386235399693 0.6360365099412445
79 474 0.7734966019818584 0 0.04032941845167718 0.799449120241815 0.6401617912475546
80 480 0.7800811126878764 0 0.040337043731968 0.7992784929232168 0.6381538641427796
81 486 0.8145522504134133 0 0.040204083674045744 0.7996075826702289 0.6400575800020364
82 492 0.8425296381490113 0 0.04008355501336018 0.7998488694264213 0.6402386298204467
83 498 0.885984818121748 0 0.04001936406451729 0.7999645580553127 0.6401710227223497
84 504 0.8120588309242402 0 0.04028102597243863 0.7993418670576695 0.6385310112990565
85 510 0.6909291687658037 0 0.04011626577707446 0.7997696636548882 0.6391408196387889
86 516 0.6123553977505559 0 0.0400268461910738 0.7999451459538746 0.6396908417823541
87 522 0.5807573568823143 0 0.04014685400246496 0.7999248484614873 0.6387990794243135
88 528 0.5783059433317358 0 0.040022362224241576 0.7999556143008542 0.6397143695096719
89 534 0.5668195837550216 0 0.04000527049500816 0.7999995849814767 0.6402252670977976
90 540 0.6470275260084017 0 0.04001840226710348 0.7999886006204067 0.6403538146848734
91 546 0.5610512912840259 0 0.040010169318153675 0.7999998665859818 0.6403178423900514
92 552 0.47083320171671744 0 0.04002467849283141 0.7999851765025391 0.6404092823248488
93 558 0.4027061039124103 0 0.04000664091102608 0.7999964827857483 0.6397655928167447
94 564 0.39898861645199557 0 0.04000172380671026 0.7999983182375253 0.6398947860687892
95 570 0.3187035646172235 0 0.04000033810789854 0.7999994761289514 0.6399633066529002
96 576 0.3447724923698298 0 0.040006231492192686 0.7999952962119515 0.6397839085075487
97 582 0.29026544552177264 0 0.040000665696315864 0.7999983781478176 0.639984384742482
98 588 0.22548277845697198 0 0.040000470307793905 0.7999996134917986 0.639943194011536
99 594 0.17734394938994222 0 0.04000014579620088 0.7999998161575157 0.6399728247856066
100 600 0.1490862866714173 0 0.040000259599512616 0.7999995760377245 0.6399693192568544
101 606 0.1914846901211147 0 0.04000029904349812 0.799999644476908 0.640039033452874
102 612 0.1790259153219824 0 0.040001468257418675 0.7999999997440169 0.6398788321432541
103 618 0.15910699894136307 0 0.04000011235657125 0.7999999992315219 0.6400334725183576
104 624 0.1184333908135416 0 0.040000000370393314 0.7999999997229984 0.6399983883687994
105 630 0.09828391420903984 0 0.04000002119211034 0.7999999807946375 0.6400115925089128
106 636 0.08025595498963856 0 0.04000000854531712 0.7999999795631869 0.6399980422258608
107 642 0.06422790484562046 0 0.040000003976240685 0.7999999938950635 0.63999607326128
108 648 0.06381668707233602 0 0.04000002678824165 0.7999999917695638 0.6399846584044087
109 654 0.04646961712116408 0 0.040000003584177046 0.799999993511712 0.639996845001415
110 660 0.05402748968304399 0 0.04000001816654095 0.7999999550983967 0.639998493244119
111 666 0.04546055906688005 0 0.040000008331561206 0.799999985426141 0.6400049786988237
112 672 0.03463085757185369 0 0.040000002220555456 0.7999999998525366 0.6399953504952172
113 678 0.031542222440721045 0 0.04000000140909445 0.7999999965244908 0.6399995598040431
114 684 0.027092905222795175 0 0.040000001097763985 0.7999999999009277 0.6399967469426535
115 690 0.027240828562113625 0 0.040000000767030565 0.7999999992165678 0.6399978688223299
116 696 0.023495010707210513 0 0.040000001477596484 0.7999999972238524 0.6399980794750872
117 702 0.01963878929312549 0 0.04000000016195131 0.7999999999920189 0.639998739991787
118 708 0.019026669578826462 0 0.040000000134139096 0.7999999997981734 0.6399992688662843
119 714 0.017320934447231498 0 0.040000000044939664 0.7999999999992379 0.6400006680917015
120 720 0.0155354401562903 0 0.040000000075123526 0.7999999999951141 0.6399991446025073
121 726 0.015227916358612805 0 0.04000000011672859 0.7999999997268499 0.6400002728492182
122 732 0.012577121201699026 0 0.04000000001580794 0.7999999999698655 0.6400001937074886
123 738 0.01008302637493191 0 0.04000000012249621 0.799999999929626 0.6399990285656016
124 744 0.009230058643895957 0 0.040000000009754066 0.7999999999831277 0.6400001733259483
125 750 0.009252485173442642 0 0.0400000000456256 0.7999999999938093 0.6400006568715967
126 756 0.00928716285138982 0 0.04000000002081639 0.799999999984262 0.640000381041382
127 762 0.01069310754910148 0 0.040000000030206206 0.7999999999799938 0.6399995287595595
128 768 0.010811243651150784 0 0.04000000006420005 0.7999999999980497 0.6399992036305514
129 774 0.009858749689049711 0 0.040000000008010454 0.7999999999997502 0.6400002812566322
130 780 0.008677450037226092 0 0.0400000000108093 0.7999999999747228 0.639999916387401
131 786 0.006420583653409982 0 0.04000000000095245 0.7999999999997708 0.6399999072224685
132 792 0.004953227547264419 0 0.04000000000896964 0.7999999999965318 0.639999724633449
133 798 0.004320750884934863 0 0.04000000000033781 0.7999999999991656 0.6399999936372897
134 804 0.0033929829696508493 0 0.0400000000006428 0.7999999999985636 0.6399999738728629
135 810 0.004401965804938974 0 0.04000000000167296 0.7999999999976727 0.6400000861374413
136 816 0.0038043513326091877 0 0.040000000001352794 0.7999999999979639 0.6400000733695446
137 822 0.0031312020074724172 0 0.04000000000032786 0.7999999999993721 0.6400000276930534
138 828 0.0025692114745572564 0 0.04000000000011356 0.7999999999998043 0.6400000187833604
139 834 0.001987156047397978 0 0.040000000000154655 0.799999999999745 0.6399999770507825
140 840 0.001514487612766538 0 0.040000000000008654 0.7999999999999807 0.6399999969255484
141 846 0.0015598296469297905 0 0.04000000000015848 0.7999999999999847 0.6399999609664158
142 852 0.0013237992865861598 0 0.040000000000090935 0.7999999999998298 0.6399999848762861
143 858 0.0011940428598823842 0 0.04000000000003582 0.7999999999999848 0.6399999827507808
144 864 0.0008879548340115251 0 0.040000000000070986 0.7999999999999967 0.639999973604225
145 870 0.00154072646240006 0 0.04000000000001089 0.8 0.6400000104443089
146 876 0.0017478320774707793 0 0.04000000000000438 0.7999999999999946 0.6400000047135163
147 882 0.0015088473117675465 0 0.04000000000003074 0.7999999999999968 0.6399999828333435
148 888 0.0011952787801734108 0 0.04000000000000488 0.799999999999994 0.6399999950036969
149 894 0.001218763659762796 0 0.040000000000004206 0.7999999999999896 0.6399999992956618
150 900 0.0010750039845990858 0 0.04000000000000478 0.79999999999999 0.6399999971602547
150 900 0.0010750039845990858 0 0.04000000000000478 0.79999999999999 0.6399999971602547
