% # columns="iteration, evaluation, sigma, max axis length,  min axis length, all principal axes lengths  (sorted square roots of eigenvalues of C)", seed=154761, Fri Aug  1 17:19:08 2025
1 6 1.2207586267457549 1.0000250003125026 1.0 1.0 1.0000250003125026
2 12 1.245655695717152 1.4335067870162668 0.7804950326417647 0.7804950326417647 1.4335067870162668
3 18 1.2013334685744816 1.4484467495005002 0.6804268386707956 0.6804268386707956 1.4484467495005002
4 24 1.1283714121833652 1.4670064478081208 0.6197278253595008 0.6197278253595008 1.4670064478081208
5 30 1.0991950403148907 1.6114218966216303 0.5218892765033128 0.5218892765033128 1.6114218966216303
6 36 1.0215407782706842 1.4878306146223228 0.5329864153921032 0.5329864153921032 1.4878306146223228
7 42 0.9575382214383432 1.557437105764923 0.4498845030319614 0.4498845030319614 1.557437105764923
8 48 1.2098994612394713 1.6285592224594654 0.39953738403479544 0.39953738403479544 1.6285592224594654
9 54 1.2048627118934856 1.5845241384841946 0.4692777049237125 0.4692777049237125 1.5845241384841946
10 60 1.2800093762464653 1.4808969753346517 0.44354171964359784 0.44354171964359784 1.4808969753346517
11 66 1.016677312906052 1.6248749613860178 0.37372827125251196 0.37372827125251196 1.6248749613860178
12 72 0.9350432252836454 1.568067569482681 0.29576828913300834 0.29576828913300834 1.568067569482681
13 78 0.759048840443035 1.5129694460188736 0.2577609470056685 0.2577609470056685 1.5129694460188736
14 84 0.6365753651576705 1.2811882662344358 0.25063783109560306 0.25063783109560306 1.2811882662344358
15 90 0.5010092236185109 1.1411499251646142 0.2392652801833623 0.2392652801833623 1.1411499251646142
16 96 0.480972141895429 1.058972756745699 0.19968880834981126 0.19968880834981126 1.058972756745699
17 102 0.3742912088718908 1.1100383947176558 0.16208660049027285 0.16208660049027285 1.1100383947176558
18 108 0.37686053202066133 1.0710430072925274 0.13638408325106724 0.13638408325106724 1.0710430072925274
19 114 0.4284984024119856 0.999461773273212 0.1360400785450353 0.1360400785450353 0.999461773273212
20 120 0.4102923218869278 1.17457684377397 0.11593439784382768 0.11593439784382768 1.17457684377397
21 126 0.308402995494296 0.9490971275517842 0.1222133408416942 0.1222133408416942 0.9490971275517842
22 132 0.5405081502364333 0.8522891150600482 0.10744347609215782 0.10744347609215782 0.8522891150600482
23 138 0.919474893990865 0.9239262680815608 0.12303342809067816 0.12303342809067816 0.9239262680815608
24 144 1.5784074562539767 0.8159741015444409 0.14085913859002797 0.14085913859002797 0.8159741015444409
25 150 2.2115237320739443 0.808537689716487 0.14000235826703855 0.14000235826703855 0.808537689716487
26 156 1.8986434965768506 0.7518638946997517 0.13460882585916925 0.13460882585916925 0.7518638946997517
27 162 1.804362011162064 0.6142427484320879 0.15739478624189368 0.15739478624189368 0.6142427484320879
28 168 1.495118233832654 0.6178169382679181 0.14033276016523663 0.14033276016523663 0.6178169382679181
29 174 1.1936844204859636 0.591251880515451 0.11929931962281108 0.11929931962281108 0.591251880515451
30 180 1.043811305164522 0.506547061598131 0.10838982563459401 0.10838982563459401 0.506547061598131
31 186 0.8141616966437035 0.44184781171750676 0.10337838178330991 0.10337838178330991 0.44184781171750676
32 192 0.6390428077905003 0.41679515415277685 0.08478661582237323 0.08478661582237323 0.41679515415277685
33 198 0.6305807648305249 0.4061521286136862 0.06787528885265681 0.06787528885265681 0.4061521286136862
34 204 0.7931064117138401 0.32068866067407625 0.07511275318842371 0.07511275318842371 0.32068866067407625
35 210 0.6346650011812602 0.41117034695811056 0.06467285371834292 0.06467285371834292 0.41117034695811056
36 216 0.5382101834723981 0.3786248605839041 0.056248665405247686 0.056248665405247686 0.3786248605839041
37 222 0.5060857202004319 0.35040854463055404 0.05060415774769592 0.05060415774769592 0.35040854463055404
38 228 0.586454118711656 0.32029382070212775 0.047258403870843756 0.047258403870843756 0.32029382070212775
39 234 0.6817261599635165 0.3373302380590719 0.046587021996669024 0.046587021996669024 0.3373302380590719
40 240 0.7569693178437849 0.3410303653601883 0.04457604487355838 0.04457604487355838 0.3410303653601883
41 246 0.6640030518600605 0.33060347655225186 0.042897493844623845 0.042897493844623845 0.33060347655225186
42 252 0.5982550091876958 0.2766967800285096 0.04044224137429448 0.04044224137429448 0.2766967800285096
43 258 0.638467888343056 0.22205595791617985 0.04071459054861011 0.04071459054861011 0.22205595791617985
44 264 0.5722950261535751 0.22951134708701068 0.03717149871971383 0.03717149871971383 0.22951134708701068
45 270 0.556619960104306 0.20856282652291355 0.03321736886188283 0.03321736886188283 0.20856282652291355
46 276 0.5255471074381296 0.1898217810868655 0.034384552255147055 0.034384552255147055 0.1898217810868655
47 282 0.7040965374594161 0.16555841035833496 0.03358213488940032 0.03358213488940032 0.16555841035833496
48 288 0.9977138383995787 0.1797348656630281 0.03413269071210646 0.03413269071210646 0.1797348656630281
49 294 0.8402034100873773 0.21779586349526883 0.03133393552660254 0.03133393552660254 0.21779586349526883
50 300 1.6632004843641757 0.19014873350802594 0.027337702517768483 0.027337702517768483 0.19014873350802594
51 306 2.4891107615556187 0.23913927025510798 0.025719482621622602 0.025719482621622602 0.23913927025510798
52 312 2.7714049834905636 0.22963805937731158 0.024713347404606727 0.024713347404606727 0.22963805937731158
53 318 2.505205555323771 0.20312295384064855 0.022218057207772823 0.022218057207772823 0.20312295384064855
54 324 1.8747701336120004 0.17853613700156407 0.01924644313968132 0.01924644313968132 0.17853613700156407
55 330 1.435041451930935 0.15940627381413916 0.016421219268368235 0.016421219268368235 0.15940627381413916
56 336 1.6430729969003732 0.1343543654339606 0.015229687446152943 0.015229687446152943 0.1343543654339606
57 342 1.7505144275551345 0.1318903970529873 0.015939700325327086 0.015939700325327086 0.1318903970529873
58 348 2.2654218660111507 0.12102059214076882 0.015637609064365152 0.015637609064365152 0.12102059214076882
59 354 2.4898713622738433 0.1465130460507193 0.013883692035758661 0.013883692035758661 0.1465130460507193
60 360 3.069337402692628 0.13252568412599638 0.013658605433993781 0.013658605433993781 0.13252568412599638
61 366 3.9642396059734692 0.13721154236525532 0.013220174046878141 0.013220174046878141 0.13721154236525532
62 372 3.737864373364544 0.13855765157717426 0.013352207308807814 0.013352207308807814 0.13855765157717426
63 378 3.5075225814763225 0.1256789471933641 0.013236633974936279 0.013236633974936279 0.1256789471933641
64 384 3.5063720475571354 0.10701717885286206 0.013245315669404983 0.013245315669404983 0.10701717885286206
65 390 2.8472644497035065 0.08963218004534762 0.014036214348049393 0.014036214348049393 0.08963218004534762
66 396 2.26173471103993 0.07876350539677929 0.012291093982853062 0.012291093982853062 0.07876350539677929
67 402 1.9815363363381542 0.07542622913496146 0.009842378297978509 0.009842378297978509 0.07542622913496146
68 408 1.9862848957578945 0.07200738929827799 0.008571132154610127 0.008571132154610127 0.07200738929827799
69 414 1.8483647466578665 0.07117358450242833 0.0077919193623859065 0.0077919193623859065 0.07117358450242833
70 420 1.6348134187163081 0.0678332219793635 0.007442495559395056 0.007442495559395056 0.0678332219793635
71 426 1.4207754423754384 0.06337453937257484 0.006891737629745662 0.006891737629745662 0.06337453937257484
72 432 1.1729546505846855 0.052388181091811814 0.007146373668205221 0.007146373668205221 0.052388181091811814
73 438 1.1732219589852089 0.04282129670722005 0.007246521667009306 0.007246521667009306 0.04282129670722005
74 444 1.0545759255653178 0.044003660935890664 0.006749759934613477 0.006749759934613477 0.044003660935890664
75 450 0.8963370934367962 0.040368456137692695 0.006064289337072906 0.006064289337072906 0.040368456137692695
76 456 0.7688012615701797 0.03580924408341654 0.005368592053653868 0.005368592053653868 0.03580924408341654
77 462 0.6515472904334634 0.03346120216733849 0.0046217164600075855 0.0046217164600075855 0.03346120216733849
78 468 0.7077063709339837 0.03018247206015224 0.004331202497964547 0.004331202497964547 0.03018247206015224
79 474 0.7522948888145259 0.028670447540932894 0.0043918463492888605 0.0043918463492888605 0.028670447540932894
80 480 1.0452981222320687 0.02815299294972659 0.0040947511723694345 0.0040947511723694345 0.02815299294972659
81 486 1.0378809100943411 0.030376974688293458 0.0042565132843346435 0.0042565132843346435 0.030376974688293458
82 492 0.8746769357249594 0.02726781539601645 0.004257972515823888 0.004257972515823888 0.02726781539601645
83 498 0.9111660387502231 0.023590141489558906 0.004009112665964949 0.004009112665964949 0.023590141489558906
84 504 1.0500442156085519 0.023231735317652408 0.003905214608253156 0.003905214608253156 0.023231735317652408
85 510 1.355579868240469 0.023026601779584707 0.004129465671676919 0.004129465671676919 0.023026601779584707
86 516 1.930573405590731 0.023916942622201755 0.004379294537915443 0.004379294537915443 0.023916942622201755
87 522 1.8833882349915407 0.02707857650445972 0.004280942308103857 0.004280942308103857 0.02707857650445972
88 528 1.7167714876095064 0.026101885976564276 0.0035581015911154003 0.0035581015911154003 0.026101885976564276
89 534 1.3730857011299438 0.023483871159675467 0.003311998405787151 0.003311998405787151 0.023483871159675467
90 540 1.152170418087669 0.020187970911368088 0.0031600496369188157 0.0031600496369188157 0.020187970911368088
91 546 0.9252008772919259 0.018476225273475637 0.0027695233783195045 0.0027695233783195045 0.018476225273475637
92 552 0.899100869765413 0.01731268883220246 0.0024536436809082037 0.0024536436809082037 0.01731268883220246
93 558 0.7567800253773775 0.015897030862897007 0.0024538687939369115 0.0024538687939369115 0.015897030862897007
94 564 0.5501434514478933 0.015097444946684947 0.0020649012058745293 0.0020649012058745293 0.015097444946684947
95 570 0.5227507427977623 0.013568425339026116 0.0017650906344287064 0.0017650906344287064 0.013568425339026116
96 576 0.46869545629996295 0.012868966351003097 0.0016414085022891348 0.0016414085022891348 0.012868966351003097
97 582 0.4185968158278216 0.012453213431860257 0.0014311664995473223 0.0014311664995473223 0.012453213431860257
98 588 0.36675633746866704 0.011886956587076492 0.001305709088225672 0.001305709088225672 0.011886956587076492
99 594 0.2946983418942438 0.011297198091447979 0.0011281404638970943 0.0011281404638970943 0.011297198091447979
100 600 0.26884690803778727 0.009421380595302242 0.0010569950066676014 0.0010569950066676014 0.009421380595302242
101 606 0.31500195354110117 0.008198937913118905 0.0010351041312498528 0.0010351041312498528 0.008198937913118905
102 612 0.34264729622593854 0.010688795943555407 0.0008207832752413743 0.0008207832752413743 0.010688795943555407
103 618 0.29270199151984205 0.011518157577137771 0.0006657133092477701 0.0006657133092477701 0.011518157577137771
104 624 0.23294283603332305 0.010523992502736714 0.0005899697933727565 0.0005899697933727565 0.010523992502736714
105 630 0.1853858657591838 0.00916481671408851 0.0005346694918137551 0.0005346694918137551 0.00916481671408851
106 636 0.14122896955602496 0.008373558213557415 0.0004618106694752768 0.0004618106694752768 0.008373558213557415
107 642 0.11591743913792042 0.007062085774131832 0.00042973916699674136 0.00042973916699674136 0.007062085774131832
108 648 0.11752570837504954 0.006285147915513566 0.0003827671978482371 0.0003827671978482371 0.006285147915513566
109 654 0.11516240221145452 0.005329105800560646 0.0004278102498535642 0.0004278102498535642 0.005329105800560646
110 660 0.10574138479140921 0.004651549723082096 0.00042925363365189353 0.00042925363365189353 0.004651549723082096
111 666 0.10521754902247302 0.004391524795349516 0.00038560043301728104 0.00038560043301728104 0.004391524795349516
112 672 0.10107043380877952 0.004746118817364432 0.00032324983342978537 0.00032324983342978537 0.004746118817364432
113 678 0.08782592389190289 0.004495412028819406 0.0003131351988483176 0.0003131351988483176 0.004495412028819406
114 684 0.07905011223657099 0.004147628418929733 0.0002803170104608218 0.0002803170104608218 0.004147628418929733
115 690 0.07315188235146862 0.00364218049878981 0.00026227610704239733 0.00026227610704239733 0.00364218049878981
116 696 0.05906086625176504 0.00350644621194021 0.000230483748466538 0.000230483748466538 0.00350644621194021
117 702 0.04401753310642896 0.0028557134848111953 0.00022180520688322786 0.00022180520688322786 0.0028557134848111953
118 708 0.044944280448255186 0.002474495358264594 0.0001980623041192093 0.0001980623041192093 0.002474495358264594
119 714 0.03705610231828175 0.002752745637585894 0.0001583954228193027 0.0001583954228193027 0.002752745637585894
120 720 0.03301389120742098 0.0025260069977302503 0.00014035243502945452 0.00014035243502945452 0.0025260069977302503
121 726 0.027519551858504913 0.0023820842233745676 0.0001266075956997191 0.0001266075956997191 0.0023820842233745676
122 732 0.026293011074312398 0.0019873157089364863 0.00012108358050834538 0.00012108358050834538 0.0019873157089364863
123 738 0.023656417104415604 0.001946649242680033 0.00012165468219695974 0.00012165468219695974 0.001946649242680033
124 744 0.02161895956675158 0.001649840838109571 0.0001250036938466691 0.0001250036938466691 0.001649840838109571
125 750 0.017992758412138477 0.001395347159369901 0.00012561031540012346 0.00012561031540012346 0.001395347159369901
126 756 0.01369720608674875 0.0013366863310395392 0.00010515744335241336 0.00010515744335241336 0.0013366863310395392
127 762 0.012594514461205387 0.0012898486663230281 8.256377869866654e-05 8.256377869866654e-05 0.0012898486663230281
128 768 0.009261722867310307 0.001201642625623336 8.097367770808285e-05 8.097367770808285e-05 0.001201642625623336
129 774 0.00733546409631086 0.0009900164930447437 7.606575216839258e-05 7.606575216839258e-05 0.0009900164930447437
130 780 0.007338290824064 0.0008501184265184138 6.973316698863655e-05 6.973316698863655e-05 0.0008501184265184138
131 786 0.006564033034013687 0.0008418072693237766 6.402487532834551e-05 6.402487532834551e-05 0.0008418072693237766
132 792 0.004968606941748514 0.0008009909960720504 5.858000563308631e-05 5.858000563308631e-05 0.0008009909960720504
133 798 0.004469440242294605 0.0007724391977291407 4.6110522198586134e-05 4.6110522198586134e-05 0.0007724391977291407
134 804 0.003394291520918884 0.0006759658226761719 4.2763794717547186e-05 4.2763794717547186e-05 0.0006759658226761719
135 810 0.0029617381113232542 0.0006446989901119526 3.4142167608259465e-05 3.4142167608259465e-05 0.0006446989901119526
136 816 0.0023226829203354723 0.0005817906989855994 3.121507012196968e-05 3.121507012196968e-05 0.0005817906989855994
137 822 0.002392765321067763 0.000497814873808212 2.861954284105438e-05 2.861954284105438e-05 0.000497814873808212
138 828 0.002468217659879472 0.00046066518776582987 3.009070379338519e-05 3.009070379338519e-05 0.00046066518776582987
139 834 0.0018494352778982135 0.00039721508999241166 3.1819043552782333e-05 3.1819043552782333e-05 0.00039721508999241166
140 840 0.001469731266491297 0.0003641877062754253 2.6153674272662934e-05 2.6153674272662934e-05 0.0003641877062754253
141 846 0.0013778913676176497 0.00031550400035103336 2.3497428260922133e-05 2.3497428260922133e-05 0.00031550400035103336
142 852 0.001100723013902379 0.00027936407143182887 2.2778207812878282e-05 2.2778207812878282e-05 0.00027936407143182887
143 858 0.0008203097619352565 0.00023160304203673278 2.1253518948654907e-05 2.1253518948654907e-05 0.00023160304203673278
144 864 0.0006705830108088449 0.0002201123686759756 1.7397562690060446e-05 1.7397562690060446e-05 0.0002201123686759756
145 870 0.0005331612915691124 0.00017916912020223875 1.7564673694578215e-05 1.7564673694578215e-05 0.00017916912020223875
146 876 0.000661130201198073 0.00015007018339185363 1.639222048693327e-05 1.639222048693327e-05 0.00015007018339185363
147 882 0.0005061611391082917 0.00014058620898802507 2.0332568463314654e-05 2.0332568463314654e-05 0.00014058620898802507
148 888 0.00039846423255430287 0.00012458544398005574 1.784257964136451e-05 1.784257964136451e-05 0.00012458544398005574
148 888 0.00039846423255430287 0.00012458544398005574 1.784257964136451e-05 1.784257964136451e-05 0.00012458544398005574
