% # columns="iteration, evaluation, min max(neg(.)) min(pos(.)) max correlation, correlation matrix principal axes lengths  (sorted square roots of eigenvalues of correlation matrix)", seed=767162, Sun Jul 27 19:55:26 2025
1 6 -0.013690013948837043 -0.013690013948837043 -0.013690013948837043 -0.013690013948837043 0.9931314042215981 1.0068217389135163
2 12 -0.013690013948837043 -0.013690013948837043 -0.013690013948837043 -0.013690013948837043 0.9931314042215981 1.0068217389135163
3 18 -0.2878335471529371 -0.2878335471529371 -0.2878335471529371 -0.2878335471529371 0.8438995513964105 1.1348275407095727
4 24 -0.2878335471529371 -0.2878335471529371 -0.2878335471529371 -0.2878335471529371 0.8438995513964105 1.1348275407095727
5 30 -0.6247639475112173 -0.6247639475112173 -0.6247639475112173 -0.6247639475112173 0.6125651414247977 1.2746622876319897
6 36 -0.6247639475112173 -0.6247639475112173 -0.6247639475112173 -0.6247639475112173 0.6125651414247977 1.2746622876319897
7 42 -0.7183456550194803 -0.7183456550194803 -0.7183456550194803 -0.7183456550194803 0.5307111690745917 1.310856840017048
8 48 -0.7183456550194803 -0.7183456550194803 -0.7183456550194803 -0.7183456550194803 0.5307111690745917 1.310856840017048
9 54 -0.6275203019287763 -0.6275203019287763 -0.6275203019287763 -0.6275203019287763 0.6103111485719589 1.2757430391457272
10 60 -0.6275203019287763 -0.6275203019287763 -0.6275203019287763 -0.6275203019287763 0.6103111485719589 1.2757430391457272
11 66 -0.2587347319274353 -0.2587347319274353 -0.2587347319274353 -0.2587347319274353 0.8609676347416111 1.1219334792791573
12 72 -0.2587347319274353 -0.2587347319274353 -0.2587347319274353 -0.2587347319274353 0.8609676347416111 1.1219334792791573
13 78 -0.09822003654535195 -0.09822003654535195 -0.09822003654535195 -0.09822003654535195 0.9496209577798124 1.047959940334244
14 84 -0.09822003654535195 -0.09822003654535195 -0.09822003654535195 -0.09822003654535195 0.9496209577798124 1.047959940334244
15 90 0.038524966245548284 0.038524966245548284 0.038524966245548284 0.038524966245548284 0.9805483332067073 1.0190804513116463
16 96 0.038524966245548284 0.038524966245548284 0.038524966245548284 0.038524966245548284 0.9805483332067073 1.0190804513116463
17 102 0.07023891223006772 0.07023891223006772 0.07023891223006772 0.07023891223006772 0.964241197921937 1.0345235194185136
18 108 0.07023891223006772 0.07023891223006772 0.07023891223006772 0.07023891223006772 0.964241197921937 1.0345235194185136
19 114 0.30715668952934055 0.30715668952934055 0.30715668952934055 0.30715668952934055 0.8323720985656952 1.143309533560068
20 120 0.30715668952934055 0.30715668952934055 0.30715668952934055 0.30715668952934055 0.8323720985656952 1.143309533560068
21 126 0.43995117031379255 0.43995117031379255 0.43995117031379255 0.43995117031379255 0.7483641023500576 1.1999796541249326
22 132 0.43995117031379255 0.43995117031379255 0.43995117031379255 0.43995117031379255 0.7483641023500576 1.1999796541249326
23 138 0.5360021577120216 0.5360021577120216 0.5360021577120216 0.5360021577120216 0.6811738708200561 1.2393555412842683
24 144 0.5360021577120216 0.5360021577120216 0.5360021577120216 0.5360021577120216 0.6811738708200561 1.2393555412842683
25 150 0.40982877035409343 0.40982877035409343 0.40982877035409343 0.40982877035409343 0.7682260277066292 1.1873621058270698
26 156 0.40982877035409343 0.40982877035409343 0.40982877035409343 0.40982877035409343 0.7682260277066292 1.1873621058270698
27 162 0.840156829425535 0.840156829425535 0.840156829425535 0.840156829425535 0.39980391515649905 1.3565238034865201
28 168 0.840156829425535 0.840156829425535 0.840156829425535 0.840156829425535 0.39980391515649905 1.3565238034865201
29 174 0.8977828073081289 0.8977828073081289 0.8977828073081289 0.8977828073081289 0.31971423598562393 1.3776003801204937
30 180 0.8977828073081289 0.8977828073081289 0.8977828073081289 0.8977828073081289 0.31971423598562393 1.3776003801204937
31 186 0.9287162463575387 0.9287162463575387 0.9287162463575387 0.9287162463575387 0.26699017517965207 1.3887822890422885
32 192 0.9287162463575387 0.9287162463575387 0.9287162463575387 0.9287162463575387 0.26699017517965207 1.3887822890422885
33 198 0.9381777256694142 0.9381777256694142 0.9381777256694142 0.9381777256694142 0.2486408541060495 1.3921845156693182
34 204 0.9381777256694142 0.9381777256694142 0.9381777256694142 0.9381777256694142 0.2486408541060495 1.3921845156693182
35 210 0.9242741134389612 0.9242741134389612 0.9242741134389612 0.9242741134389612 0.27518336897610424 1.387182076527433
36 216 0.9242741134389612 0.9242741134389612 0.9242741134389612 0.9242741134389612 0.27518336897610424 1.387182076527433
37 222 0.8331553897700479 0.8331553897700479 0.8331553897700479 0.8331553897700479 0.408466167791106 1.353940689162582
38 228 0.8331553897700479 0.8331553897700479 0.8331553897700479 0.8331553897700479 0.408466167791106 1.353940689162582
39 234 0.8414728234137492 0.8414728234137492 0.8414728234137492 0.8414728234137492 0.39815471438405803 1.357008777942777
40 240 0.8414728234137492 0.8414728234137492 0.8414728234137492 0.8414728234137492 0.39815471438405803 1.357008777942777
41 246 0.7588430245598753 0.7588430245598753 0.7588430245598753 0.7588430245598753 0.4910773619707233 1.3262137929307911
42 252 0.7588430245598753 0.7588430245598753 0.7588430245598753 0.7588430245598753 0.4910773619707233 1.3262137929307911
43 258 0.652722174521462 0.652722174521462 0.652722174521462 0.652722174521462 0.5893028300275996 1.2855824261872368
44 264 0.652722174521462 0.652722174521462 0.652722174521462 0.652722174521462 0.5893028300275996 1.2855824261872368
45 270 0.590764648846436 0.590764648846436 0.590764648846436 0.590764648846436 0.6397150546560274 1.2612551878372735
46 276 0.590764648846436 0.590764648846436 0.590764648846436 0.590764648846436 0.6397150546560274 1.2612551878372735
47 282 0.448039960201091 0.448039960201091 0.448039960201091 0.448039960201091 0.7429401320422185 1.2033453204301294
48 288 0.448039960201091 0.448039960201091 0.448039960201091 0.448039960201091 0.7429401320422185 1.2033453204301294
49 294 0.3306450618140539 0.3306450618140539 0.3306450618140539 0.3306450618140539 0.8181411480826192 1.1535358953296833
50 300 0.3306450618140539 0.3306450618140539 0.3306450618140539 0.3306450618140539 0.8181411480826192 1.1535358953296833
51 306 0.09434150446869809 0.09434150446869809 0.09434150446869809 0.09434150446869809 0.9516609141555105 1.0461077881694114
52 312 0.09434150446869809 0.09434150446869809 0.09434150446869809 0.09434150446869809 0.9516609141555105 1.0461077881694114
53 318 0.12356488292172363 0.12356488292172363 0.12356488292172363 0.12356488292172363 0.936181134758801 1.0599834352110054
54 324 0.12356488292172363 0.12356488292172363 0.12356488292172363 0.12356488292172363 0.936181134758801 1.0599834352110054
55 330 0.0864329211201697 0.0864329211201697 0.0864329211201697 0.0864329211201697 0.9558070301477336 1.0423209300019691
56 336 0.0864329211201697 0.0864329211201697 0.0864329211201697 0.0864329211201697 0.9558070301477336 1.0423209300019691
57 342 0.02118492769423632 0.02118492769423632 0.02118492769423632 0.02118492769423632 0.9893508337823158 1.0105369501874912
58 348 0.02118492769423632 0.02118492769423632 0.02118492769423632 0.02118492769423632 0.9893508337823158 1.0105369501874912
59 354 0.13942161327529087 0.13942161327529087 0.13942161327529087 0.13942161327529087 0.9276736423574345 1.0674369364394745
60 360 0.13942161327529087 0.13942161327529087 0.13942161327529087 0.13942161327529087 0.9276736423574345 1.0674369364394745
61 366 0.2522718076207443 0.2522718076207443 0.2522718076207443 0.2522718076207443 0.8647127802798198 1.1190495107995644
62 372 0.2522718076207443 0.2522718076207443 0.2522718076207443 0.2522718076207443 0.8647127802798198 1.1190495107995644
63 378 0.19997846149686646 0.19997846149686646 0.19997846149686646 0.19997846149686646 0.8944392313081607 1.0954352840295343
64 384 0.19997846149686646 0.19997846149686646 0.19997846149686646 0.19997846149686646 0.8944392313081607 1.0954352840295343
65 390 0.12466648434139958 0.12466648434139958 0.12466648434139958 0.12466648434139958 0.9355926013274156 1.0605029393365204
66 396 0.12466648434139958 0.12466648434139958 0.12466648434139958 0.12466648434139958 0.9355926013274156 1.0605029393365204
67 402 0.11488516538233658 0.11488516538233658 0.11488516538233658 0.11488516538233658 0.9408054180422558 1.0558812269295903
68 408 0.11488516538233658 0.11488516538233658 0.11488516538233658 0.11488516538233658 0.9408054180422558 1.0558812269295903
69 414 -0.293141700713493 -0.293141700713493 -0.293141700713493 -0.293141700713493 0.8407486540497741 1.1371638847208845
70 420 -0.293141700713493 -0.293141700713493 -0.293141700713493 -0.293141700713493 0.8407486540497741 1.1371638847208845
71 426 -0.3443117700560756 -0.3443117700560756 -0.3443117700560756 -0.3443117700560756 0.8097457810596634 1.1594445955094514
72 432 -0.3443117700560756 -0.3443117700560756 -0.3443117700560756 -0.3443117700560756 0.8097457810596634 1.1594445955094514
73 438 -0.3056935535884873 -0.3056935535884873 -0.3056935535884873 -0.3056935535884873 0.8332505303997788 1.1426694857168835
74 444 -0.3056935535884873 -0.3056935535884873 -0.3056935535884873 -0.3056935535884873 0.8332505303997788 1.1426694857168835
75 450 -0.38577381103058445 -0.38577381103058445 -0.38577381103058445 -0.38577381103058445 0.7837258378855553 1.1771889444904688
76 456 -0.38577381103058445 -0.38577381103058445 -0.38577381103058445 -0.38577381103058445 0.7837258378855553 1.1771889444904688
77 462 -0.12014554654287798 -0.12014554654287798 -0.12014554654287798 -0.12014554654287798 0.9380055721887383 1.0583692864699343
78 468 -0.12014554654287798 -0.12014554654287798 -0.12014554654287798 -0.12014554654287798 0.9380055721887383 1.0583692864699343
79 474 0.026235427012884813 0.026235427012884813 0.026235427012884813 0.026235427012884813 0.9867951018256603 1.01303278674132
80 480 0.026235427012884813 0.026235427012884813 0.026235427012884813 0.026235427012884813 0.9867951018256603 1.01303278674132
81 486 0.010157563315842553 0.010157563315842553 0.010157563315842553 0.010157563315842553 0.9949082554105969 1.0050659497345649
82 492 0.010157563315842553 0.010157563315842553 0.010157563315842553 0.010157563315842553 0.9949082554105969 1.0050659497345649
83 498 -0.2432229848560261 -0.2432229848560261 -0.2432229848560261 -0.2432229848560261 0.8699293161768799 1.1149990963476275
84 504 -0.2432229848560261 -0.2432229848560261 -0.2432229848560261 -0.2432229848560261 0.8699293161768799 1.1149990963476275
85 510 -0.35825100838058116 -0.35825100838058116 -0.35825100838058116 -0.35825100838058116 0.8010923739615919 1.1654402637546812
86 516 -0.35825100838058116 -0.35825100838058116 -0.35825100838058116 -0.35825100838058116 0.8010923739615919 1.1654402637546812
86 516 -0.35825100838058116 -0.35825100838058116 -0.35825100838058116 -0.35825100838058116 0.8010923739615919 1.1654402637546812
