% # columns="iteration, evaluation, sigma, max axis length,  min axis length, all principal axes lengths  (sorted square roots of eigenvalues of C)", seed=767162, Sun Jul 27 19:55:26 2025
1 6 0.8865307082115864 1.0000250003125026 1.0 1.0 1.0000250003125026
2 12 0.8726948539972478 1.0305760044305623 0.8097072829974367 0.8097072829974367 1.0305760044305623
3 18 0.7634580254789962 1.069051298628163 0.6761619294345951 0.6761619294345951 1.069051298628163
4 24 0.8221023584287228 0.9500029105948828 0.6596793384411644 0.6596793384411644 0.9500029105948828
5 30 0.7684082738747914 1.0060837785253862 0.6109329509034939 0.6109329509034939 1.0060837785253862
6 36 0.6266118101336765 1.03691025159389 0.49830381542207475 0.49830381542207475 1.03691025159389
7 42 0.5519719600061421 1.0049431252342347 0.393044034946144 0.393044034946144 1.0049431252342347
8 48 0.4043980297958787 0.9000457118654724 0.36403484188321306 0.36403484188321306 0.9000457118654724
9 54 0.3917604792267642 0.8007967645530374 0.32282230805787954 0.32282230805787954 0.8007967645530374
10 60 0.295858173995128 0.7243779012373751 0.341003625967084 0.341003625967084 0.7243779012373751
11 66 0.3966713808990351 0.640650712458419 0.30857507628060243 0.30857507628060243 0.640650712458419
12 72 0.3752101430609264 0.5636341762954876 0.4309222477971251 0.4309222477971251 0.5636341762954876
13 78 0.33678132851084036 0.5092607097693396 0.3841122952385526 0.3841122952385526 0.5092607097693396
14 84 0.2618638999087285 0.45791648395593126 0.3595451919453232 0.3595451919453232 0.45791648395593126
15 90 0.22094908965375168 0.43051194847325347 0.2943087235330128 0.2943087235330128 0.43051194847325347
16 96 0.19629396444118238 0.37109862642137964 0.27572498665307726 0.27572498665307726 0.37109862642137964
17 102 0.15655743643401657 0.32746199736934245 0.2584055799134664 0.2584055799134664 0.32746199736934245
18 108 0.13583329536962674 0.27807958855397186 0.2438787397290843 0.2438787397290843 0.27807958855397186
19 114 0.10841404122133963 0.27647396345135933 0.20634392145575584 0.20634392145575584 0.27647396345135933
20 120 0.10030530404741986 0.25734255922654237 0.1726176988092513 0.1726176988092513 0.25734255922654237
21 126 0.09758042627093926 0.26292446693017457 0.1540089284890047 0.1540089284890047 0.26292446693017457
22 132 0.08236138450728861 0.25702480496773583 0.14353087459294991 0.14353087459294991 0.25702480496773583
23 138 0.058400900891886286 0.24554973294736707 0.12560953444701414 0.12560953444701414 0.24554973294736707
24 144 0.05577012306441027 0.22094022418790057 0.10678768819612583 0.10678768819612583 0.22094022418790057
25 150 0.05693397798100956 0.20611789465261846 0.09939556063542102 0.09939556063542102 0.20611789465261846
26 156 0.07004525195987678 0.1813222002314879 0.104570134213262 0.104570134213262 0.1813222002314879
27 162 0.10039308473801302 0.21473205943937448 0.09317142466005897 0.09317142466005897 0.21473205943937448
28 168 0.12119016823226748 0.286631724063926 0.08153935274098417 0.08153935274098417 0.286631724063926
29 174 0.12028383314393745 0.3217427774249476 0.06522411877919479 0.06522411877919479 0.3217427774249476
30 180 0.09155260767138951 0.2840741054818225 0.062258574058644545 0.062258574058644545 0.2840741054818225
31 186 0.08761703478566048 0.2565270905007099 0.05261069022358957 0.05261069022358957 0.2565270905007099
32 192 0.100380955069532 0.2600435899701609 0.044634268047854316 0.044634268047854316 0.2600435899701609
33 198 0.08516815043811295 0.28011512338120914 0.04096478446327065 0.04096478446327065 0.28011512338120914
34 204 0.08173322042038204 0.2527861725798699 0.03785983724560126 0.03785983724560126 0.2527861725798699
35 210 0.06103754154391844 0.24462266126912285 0.03478485660784875 0.03478485660784875 0.24462266126912285
36 216 0.05466393689012079 0.20198907936518498 0.03261223042732408 0.03261223042732408 0.20198907936518498
37 222 0.07468614918380329 0.16307669991255855 0.03269848498799859 0.03269848498799859 0.16307669991255855
38 228 0.0840903435013989 0.17960248837209136 0.03426918175718783 0.03426918175718783 0.17960248837209136
39 234 0.07976256224835179 0.179159814480571 0.02928461438638628 0.02928461438638628 0.179159814480571
40 240 0.08402207155775633 0.16736255518570126 0.025556722229710307 0.025556722229710307 0.16736255518570126
41 246 0.06732136585084822 0.14419855114084337 0.026579399402751887 0.026579399402751887 0.14419855114084337
42 252 0.05058043234558493 0.1325952290620106 0.02259204989548563 0.02259204989548563 0.1325952290620106
43 258 0.041275905060358414 0.10516949570547825 0.021526731543388515 0.021526731543388515 0.10516949570547825
44 264 0.02913940907407091 0.09014764390129411 0.02002865564769557 0.02002865564769557 0.09014764390129411
45 270 0.02430685248380474 0.08013411119073718 0.01723766744525896 0.01723766744525896 0.08013411119073718
46 276 0.018318545467223543 0.06884208664192779 0.016602979474217426 0.016602979474217426 0.06884208664192779
47 282 0.014911938009544446 0.05859784193205493 0.015672327150389825 0.015672327150389825 0.05859784193205493
48 288 0.01123836580703506 0.04606563232501096 0.015504720353751644 0.015504720353751644 0.04606563232501096
49 294 0.008149907281030044 0.0396230672570596 0.014024540841601199 0.014024540841601199 0.0396230672570596
50 300 0.006676472310629636 0.035636328778270256 0.012227387231977757 0.012227387231977757 0.035636328778270256
51 306 0.004848855861911173 0.03301239681437604 0.010315583070282089 0.010315583070282089 0.03301239681437604
52 312 0.00395562760937453 0.03261166652137451 0.008024893507432755 0.008024893507432755 0.03261166652137451
53 318 0.0035577151816375105 0.030082997345787312 0.007066716287915764 0.007066716287915764 0.030082997345787312
54 324 0.003167400425193607 0.026399142886213697 0.0068738740546472575 0.0068738740546472575 0.026399142886213697
55 330 0.0027128828219155163 0.025274682104961116 0.00592999677816076 0.00592999677816076 0.025274682104961116
56 336 0.0025800948446772524 0.02147285416095762 0.0056643553886947745 0.0056643553886947745 0.02147285416095762
57 342 0.001978105787394062 0.021829358858198082 0.005106784128658917 0.005106784128658917 0.021829358858198082
58 348 0.0015011421239535297 0.02119472252487563 0.00411633261785427 0.00411633261785427 0.02119472252487563
59 354 0.0012151459508924203 0.018324240005291835 0.0036776868627767783 0.0036776868627767783 0.018324240005291835
60 360 0.0009492025659647947 0.016999761348880857 0.00314418196706006 0.00314418196706006 0.016999761348880857
61 366 0.0007959928132590983 0.014735328066593879 0.002923999566723375 0.002923999566723375 0.014735328066593879
62 372 0.0006049070766367003 0.01360722518065176 0.0026624025224036493 0.0026624025224036493 0.01360722518065176
63 378 0.0004605518686322342 0.012197570047191764 0.0023363554014652725 0.0023363554014652725 0.012197570047191764
64 384 0.00037017658837202466 0.010972304565790344 0.0020093360895998636 0.0020093360895998636 0.010972304565790344
65 390 0.00045969062261991993 0.00941815725843113 0.0017792911720145275 0.0017792911720145275 0.00941815725843113
66 396 0.00043951437643622015 0.010010004882128921 0.001941417121585926 0.001941417121585926 0.010010004882128921
67 402 0.0003661085073433615 0.009743460097595292 0.0018560514906065396 0.0018560514906065396 0.009743460097595292
68 408 0.00028151244536721634 0.009032773409822408 0.0016783572349725296 0.0016783572349725296 0.009032773409822408
69 414 0.00027767662517445775 0.007906788888494335 0.001486860940843386 0.001486860940843386 0.007906788888494335
70 420 0.0003068847166786403 0.007448420394258341 0.0013961805937715646 0.0013961805937715646 0.007448420394258341
71 426 0.00029393628415656656 0.008828447533172046 0.0011448906566439252 0.0011448906566439252 0.008828447533172046
72 432 0.0002737912858932423 0.0076400557620705245 0.0011457350865454227 0.0011457350865454227 0.0076400557620705245
73 438 0.00022304660355810312 0.0073522767256140745 0.0010282364911529365 0.0010282364911529365 0.0073522767256140745
74 444 0.00018275537784182775 0.007054192620427038 0.0008452335464651503 0.0008452335464651503 0.007054192620427038
75 450 0.0001734433206493028 0.005910007489419807 0.000791526233207303 0.000791526233207303 0.005910007489419807
76 456 0.00016779268414571103 0.0050897445079074516 0.0008184357490717093 0.0008184357490717093 0.0050897445079074516
77 462 0.00013783749324019186 0.004633978072306647 0.0007610353633562178 0.0007610353633562178 0.004633978072306647
78 468 0.00011857443805982575 0.0042826735873894755 0.0006640433654681873 0.0006640433654681873 0.0042826735873894755
79 474 0.00010434272965255559 0.00360170702690501 0.0006287735890191634 0.0006287735890191634 0.00360170702690501
80 480 8.154735480025848e-05 0.0036667784742953485 0.0005235573719635998 0.0005235573719635998 0.0036667784742953485
81 486 6.674578899551985e-05 0.003469856906549938 0.0004174583660611254 0.0004174583660611254 0.003469856906549938
82 492 6.992161498760978e-05 0.0027791938988618466 0.0004043528913494317 0.0004043528913494317 0.0027791938988618466
83 498 5.852876861080127e-05 0.002967725901602836 0.0003580278469894062 0.0003580278469894062 0.002967725901602836
84 504 4.579945523046462e-05 0.0025280442640483805 0.0003303019735137196 0.0003303019735137196 0.0025280442640483805
85 510 3.8827470137795406e-05 0.0023942829916110847 0.00027924989099493367 0.00027924989099493367 0.0023942829916110847
86 516 3.001692908397306e-05 0.0022076600350151576 0.0002463079427712603 0.0002463079427712603 0.0022076600350151576
86 516 3.001692908397306e-05 0.0022076600350151576 0.0002463079427712603 0.0002463079427712603 0.0022076600350151576
