% # columns="iteration, evaluation, sigma, axis ratio, bestever, best, median, worst objective function value, interquartile range, further/more values", seed=789069, Sun Jul 27 20:29:08 2025, <python>{}</python>
1 6 0.9736728276101203 1.0000250003125026 2.041544876897494 2.0415448768974942e+00 41.20981885160529 91.05809508896435 26.20727641813112   
2 12 0.7059760749084666 1.191713714554827 0.48030079348229576 4.8030079348229576e-01 4.643577977520707 59.233527762321316 7.081810671500362   
3 18 0.576045871240194 1.3318069528863972 0.4200208448910958 4.2002084489109581e-01 12.561097858789825 30.665019142691868 14.670373080515908   
4 24 0.4111563363812141 1.5201147039085756 0.4200208448910958 8.5124878383157854e-01 7.566026634110516 36.20629373406555 13.418956997105376   
5 30 0.36645274695749736 1.6012055203468079 0.4200208448910958 7.3158583969452040e-01 1.278123743209856 5.8905342745353755 2.1560875915341686   
6 36 0.32233462317470524 1.7116425821944166 0.3696382356146023 3.6963823561460230e-01 1.8474039669253943 2.6531206507647314 1.860662311201235   
7 42 0.36211530934410163 1.9030400672317227 0.3696382356146023 4.1825294668137647e-01 0.5588611048232199 1.0514257555584936 0.49795196397253916   
8 48 0.331394873272311 2.0149662838757134 0.3696382356146023 4.3790408410814419e-01 2.54997759220083 3.2462522204886497 2.083856120593471   
9 54 0.3289908880706334 2.2543041101550867 0.3696382356146023 5.0790163357383844e-01 1.0506777995979326 5.435944618607664 0.688919765824144   
10 60 0.26224306947237336 2.22298428299004 0.17871394504261987 1.7871394504261987e-01 0.5983120711223409 1.260559862865861 0.3927032469260127   
11 66 0.22855130117349 2.540743721804128 0.17871394504261987 2.8504076553603175e-01 0.5690520965727837 1.42436784333862 0.4704756043353641   
12 72 0.26460587923311 2.3480206962493475 0.17871394504261987 3.2998876410815764e-01 0.7686277708114594 1.844029574959118 1.0082989361194699   
13 78 0.2535655460869973 3.33251042088778 0.17871394504261987 2.0326712132696312e-01 0.6107590569246564 1.410738439543839 0.6997744383115585   
14 84 0.2348989937988946 4.388868482605059 0.17000716353142376 1.7000716353142376e-01 0.3141715690376856 0.4272008781364299 0.2242999188737662   
15 90 0.21650687184844636 4.220757614953909 0.17000716353142376 1.9052406193802568e-01 0.3168599295174195 0.34199034042759074 0.13613683399313117   
16 96 0.19748889152583363 4.433274510601831 0.16843152513781204 1.6843152513781204e-01 0.3537469742874366 1.3807021134667115 0.20275748193619286   
17 102 0.18102616766776222 5.090078198136905 0.15993270531281378 1.5993270531281378e-01 0.2206001012672697 0.29168052326152594 0.052360338334934975   
18 108 0.14923948854765504 5.224349770688276 0.12656405141621024 1.2656405141621024e-01 0.2424269921363034 0.5771607409385421 0.13023591640335783   
19 114 0.12575339831230137 4.864874055209952 0.12656405141621024 1.3499636043831928e-01 0.17102350276639722 0.19264660917870777 0.039766346275324466   
20 120 0.12058869456053385 5.203293285029601 0.1225022874083708 1.2250228740837080e-01 0.15022541366455203 0.2388559693311423 0.10941922509835204   
21 126 0.09832909980573414 5.311706923276094 0.11029222958308103 1.1029222958308103e-01 0.14340481432444446 0.16005216057454796 0.009786524077940784   
22 132 0.10313904392640649 5.607811659101857 0.1068798501924829 1.0687985019248290e-01 0.13790481110552197 0.16625800436104782 0.028334040992370968   
23 138 0.11658508346805692 6.678325806312058 0.0988622146124682 9.8862214612468205e-02 0.12632267476466555 0.16871102507417413 0.027563873274293493   
24 144 0.12021602590707221 8.46026300860421 0.09423496913841134 9.4234969138411340e-02 0.1184821030850971 0.12792222822018068 0.02725636017434964   
25 150 0.08481071940863086 9.677387787459633 0.09423496913841134 9.6555370943176455e-02 0.10441645106211625 0.12039768971747367 0.008376852487971292   
26 156 0.08466125802290027 9.746740091701696 0.0927784573005196 9.2778457300519604e-02 0.10066641002465931 0.10312407184312175 0.007734186840311047   
27 162 0.08889521783221221 13.174758516891664 0.08369392398887777 8.3693923988877775e-02 0.09625652908295713 0.10215317609827095 0.007834197326991171   
28 168 0.13378043998126668 15.065439125721227 0.07592536851919114 7.5925368519191141e-02 0.09759660327364285 0.09937691750054285 0.019574950602851   
29 174 0.17437489381699572 14.366140069634639 0.06290605229912213 6.2906052299122134e-02 0.07427994911514982 0.11138217954849536 0.019399162331289854   
30 180 0.2035755398574356 15.677232723103659 0.05184472379041205 5.1844723790412051e-02 0.0670244468367641 0.08282933741545105 0.023569592475162444   
31 186 0.21660302365631862 20.073266526596104 0.050643568204385175 5.0643568204385175e-02 0.07922610221472226 0.18974681091044762 0.07361697990196407   
32 192 0.17356948859344107 15.472099472237783 0.050643568204385175 5.4406083258248930e-02 0.08471061936632975 0.3020032092239351 0.09557957994051153   
33 198 0.14115363020294588 13.236708148857732 0.047555142639491954 4.7555142639491954e-02 0.05276412733433086 0.08140544878172148 0.004789870114184712   
34 204 0.12365869979589605 13.127728799764716 0.04616641485338692 4.6166414853386920e-02 0.05773185503986188 0.07009943440261192 0.0160404643101401   
35 210 0.09717170007709654 14.177216918735278 0.04581498997480715 4.5814989974807152e-02 0.0540621210607891 0.1424047296908245 0.01161487516412274   
36 216 0.08605292237765019 12.670749139564268 0.0453238892328726 4.5323889232872602e-02 0.05015931011570502 0.05810756224073049 0.00624403304774257   
37 222 0.07841344859815684 9.345532907462811 0.0453238892328726 4.6506221733241496e-02 0.04743024889885119 0.053891612583234674 0.002563644517159569   
38 228 0.066165781953507 8.545513639100408 0.0453238892328726 4.5375515514914790e-02 0.04664592120240111 0.048981191108695026 0.002446142793201142   
39 234 0.04775395933499948 7.411765365201475 0.0452718141330921 4.5271814133092100e-02 0.04627167714922967 0.04999185780014538 0.0008031276974704016   
40 240 0.049406218518163104 6.094442999118797 0.04495979358657753 4.4959793586577528e-02 0.04534025914910622 0.04690100151340633 0.0010754642834497272   
41 246 0.06638004035800334 6.020426838533326 0.044380056687519015 4.4380056687519015e-02 0.04546610790517224 0.04682310640023551 0.0012117310592191996   
42 252 0.10891991812417572 5.969444075237058 0.04397636312771942 4.3976363127719423e-02 0.04457078037841134 0.044814560921858614 0.00013267602130027922   
43 258 0.12570197223364435 7.347634572556878 0.04315563990953672 4.3155639909536719e-02 0.04441365555893657 0.04847885946931558 0.0025859811736296465   
44 264 0.1084701439275665 5.900002077942485 0.04313456194926629 4.3134561949266292e-02 0.04452446399520644 0.04496779908711119 0.0006826388358232641   
45 270 0.08903607964957296 5.76412825382037 0.04313456194926629 4.4248160814844603e-02 0.04472364836833491 0.045809657912129216 0.0006699035339990736   
46 276 0.08165584234754789 6.993168500914036 0.04288072216679658 4.2880722166796580e-02 0.04420724829596899 0.0454505217897105 0.00059932926472369   
47 282 0.10956639348689114 7.789118879890744 0.04273196684114842 4.2731966841148418e-02 0.04310556754288669 0.04316307460149867 0.0001819491674821816   
48 288 0.13168283816888884 10.379339663128324 0.04213879852245379 4.2138798522453787e-02 0.04263672426893062 0.05016434640452257 0.001279805418824477   
49 294 0.10415295542345461 12.15154669966273 0.04213879852245379 4.2331205142918618e-02 0.042621386079751904 0.04436905582062788 0.001024032168099591   
50 300 0.08326927671949098 10.997909987559826 0.04213879852245379 4.2596460238115981e-02 0.04319539551538135 0.04472713785560886 0.0017696737124116499   
51 306 0.07404762225431699 9.160669749075591 0.04213879852245379 4.2314287595507503e-02 0.04261692492818292 0.04297062416664179 0.00029592440640934664   
52 312 0.07357537890106504 11.12377474815475 0.04213879852245379 4.2192342822578152e-02 0.04256266248220225 0.042815926409596056 0.0004373849406787908   
53 318 0.09135058525658336 9.805253270110645 0.04198166021897703 4.1981660218977028e-02 0.042217638073913294 0.042473846668648535 0.00030631767526501097   
54 324 0.1323831248682004 10.372897292451317 0.04163758776204268 4.1637587762042683e-02 0.04226321356853052 0.042430388506248994 0.0006801430721152801   
55 330 0.15003683165571974 7.2527333433799885 0.04141268760814776 4.1412687608147758e-02 0.04215015198161317 0.042593483320765964 0.0005767808209409669   
56 336 0.20834837215400015 6.737071556074549 0.04096600753536925 4.0966007535369248e-02 0.04138544623995977 0.0430774599259814 0.0009588202270105761   
57 342 0.3215283463650751 4.463736533117141 0.040201342752655043 4.0201342752655043e-02 0.0416484515292615 0.04324103172681484 0.0018462639876246148   
58 348 0.41148957853179763 4.180234434830898 0.040201342752655043 4.0704278988381054e-02 0.04153653719801022 0.04340171317279238 0.0009476754322053152   
59 354 0.33128528139569385 3.4258037536685704 0.040201342752655043 4.2338579641008123e-02 0.0440664125310935 0.04670102238908939 0.0021376390452043856   
60 360 0.4364547571739133 3.4155722939942024 0.04000779651156175 4.0007796511561750e-02 0.041020081884720505 0.04687234294809198 0.0023660663448726166   
61 366 0.5327871902516061 3.9821813330163454 0.04000779651156175 4.0198840400162368e-02 0.04485823005168681 0.052625603236916806 0.006933588189049503   
62 372 0.443308889619508 4.437860153494782 0.04000655566506334 4.0006555665063337e-02 0.04132764797680206 0.04888753732068448 0.0011620485014388823   
63 378 0.407404348480288 4.6473172403398895 0.04000655566506334 4.0079378385508964e-02 0.04136898870717559 0.042397148391081614 0.001291143221174705   
64 384 0.3467393143708772 4.408685491690712 0.04000655566506334 4.0066957407826766e-02 0.04069662625460262 0.04721069111796635 0.00024130707260060918   
65 390 0.2632453802670276 5.335491622680305 0.04000655566506334 4.0049113741475219e-02 0.04121237003242538 0.04547932534555333 0.0008816207390220099   
66 396 0.2647565120881759 5.435252527908061 0.04000655566506334 4.0077316519359113e-02 0.040369074353916706 0.040620740103794725 0.00030793787253771687   
67 402 0.1975393272566561 4.497377682313762 0.04000655566506334 4.0025786577582878e-02 0.04019706328153763 0.040709242699653474 0.00036317439488205844   
68 408 0.14786352880818693 5.297584470056936 0.040004517228912136 4.0004517228912136e-02 0.040072496658796884 0.040259918979011655 2.4333060449355237e-05   
69 414 0.13587241759450558 5.67214678370493 0.040002337058100565 4.0002337058100565e-02 0.04004337966108701 0.04017263031688279 4.3579919266525935e-05   
70 420 0.10051739483686362 4.97234483565565 0.040002337058100565 4.0004518812102811e-02 0.04004117035318905 0.040057820944237266 3.836390313256832e-05   
71 426 0.07916012838761056 4.039557463747403 0.040001742662670585 4.0001742662670585e-02 0.040006772540073024 0.040030766770099854 1.9620415307258776e-05   
72 432 0.06612685829766399 3.4986508656664417 0.040001742662670585 4.0003059345983041e-02 0.04000741598172022 0.04001296171645239 4.973664868582195e-06   
73 438 0.05933118262229631 4.42552486557634 0.040001742662670585 4.0002002924255910e-02 0.04000904178952296 0.0400157715587392 4.9659790670800175e-06   
74 444 0.06891161915996746 3.701686598297228 0.040001195721706594 4.0001195721706594e-02 0.04000575866835477 0.04000973156226917 5.1673121337497685e-06   
75 450 0.06364788002401854 3.9549544719172625 0.04000048978213606 4.0000489782136057e-02 0.04000271829992247 0.04000823124792874 5.361580994921178e-06   
76 456 0.06285277258581465 4.42352995454333 0.04000048978213606 4.0000915503578698e-02 0.04000191310599503 0.040003301804657096 1.1919193262793781e-06   
77 462 0.05225987768277148 4.739951524961167 0.04000000974829921 4.0000009748299210e-02 0.04000261784624214 0.04000466006524009 2.5750853953135366e-06   
78 468 0.04550807730307233 5.001981494563623 0.04000000974829921 4.0000013201926844e-02 0.040001866300518184 0.04000424286915041 1.1383590473521e-06   
79 474 0.03640811835155511 5.7725108152621605 0.04000000974829921 4.0000056296632260e-02 0.04000102781828937 0.04000448897232572 3.216032229996779e-06   
80 480 0.03461987149257354 6.393953254957637 0.04000000974829921 4.0000055236902428e-02 0.040000298147782436 0.04000102206746858 1.8146041873973173e-07   
81 486 0.028334527755880363 8.228936156751121 0.04000000974829921 4.0000058529087459e-02 0.04000025608416026 0.040000548286793336 3.0190240148109115e-07   
82 492 0.022247746450069373 6.512990745321297 0.040000003803353 4.0000003803353001e-02 0.04000014173963906 0.04000057435340435 3.7723922031301926e-07   
83 498 0.01719803068234262 6.7515343315871235 0.040000003803353 4.0000008839922746e-02 0.04000005156206819 0.04000019302346914 9.052571087880823e-08   
84 504 0.01354531225634712 6.615200203111889 0.040000003803353 4.0000011372233607e-02 0.040000030238578024 0.04000007539042034 4.951647084028288e-08   
85 510 0.013257461620090168 7.8201040797670025 0.04000000217022665 4.0000002170226652e-02 0.04000001857746146 0.04000002159807301 1.649840281753301e-08   
86 516 0.011188325911304696 5.529138342176765 0.04000000037063145 4.0000000370631450e-02 0.040000010259429154 0.04000002123142909 1.5303689378243224e-08   
87 522 0.008420420131617468 5.610372375827885 0.04000000025582325 4.0000000255823252e-02 0.04000000422485925 0.04000002464691042 2.2343039897398942e-08   
88 528 0.007020411019947531 5.293755931985247 0.04000000025582325 4.0000001507441006e-02 0.04000000375232784 0.04000001151458749 7.995813400274443e-09   
89 534 0.006171367846704701 4.661303314515482 0.04000000025582325 4.0000001112057697e-02 0.04000000520598083 0.04000001205379557 4.278566660687044e-09   
90 540 0.005467159986616515 6.334527839908492 0.04000000025582325 4.0000000267492668e-02 0.04000000169903077 0.04000000398310377 1.7082493128373066e-09   
91 546 0.004613344272771724 6.014865903595104 0.04000000025582325 4.0000000652531717e-02 0.0400000014690038 0.040000002894575656 1.102513018380602e-09   
92 552 0.004862921820261386 5.946229123318031 0.04000000013296714 4.0000000132967138e-02 0.040000000594881714 0.040000000609439916 2.1895855267795028e-10   
93 558 0.004623693135207513 4.735675229737374 0.040000000132132014 4.0000000132132014e-02 0.040000000660426596 0.04000000153762965 4.5223146061257324e-10   
94 564 0.0036497472291720312 4.931029277990438 0.040000000028558795 4.0000000028558795e-02 0.04000000029613822 0.04000000242203364 3.2656211068626817e-10   
95 570 0.0037255828200605254 5.2850418205568195 0.040000000028558795 4.0000000035031368e-02 0.04000000027764431 0.04000000035400243 1.942220759221236e-10   
96 576 0.002656731372547563 4.598383867298886 0.040000000028558795 4.0000000030120240e-02 0.040000000226548434 0.040000000470445655 2.481979552437785e-10   
97 582 0.0023184097556321667 3.9193220367491026 0.0400000000055003 4.0000000005500302e-02 0.04000000010578472 0.04000000017842684 1.1000012706263718e-10   
98 588 0.001834760739892753 3.568067410939701 0.0400000000055003 4.0000000006765048e-02 0.040000000061109285 0.040000000097442874 5.248450979378205e-11   
99 594 0.001687126408563637 4.414081441979304 0.0400000000055003 4.0000000014115480e-02 0.04000000003479653 0.040000000083049735 2.730800308103909e-11   
100 600 0.0016047843152202053 4.3470207346477805 0.0400000000055003 4.0000000009413020e-02 0.040000000020087585 0.04000000010835642 2.889808531358895e-11   
101 606 0.0015403758806608872 4.716790347968368 0.0400000000055003 4.0000000009907472e-02 0.040000000022226305 0.040000000072534736 8.62256793743299e-12   
102 612 0.0015525761068030397 4.163922940472847 0.04000000000008125 4.0000000000081248e-02 0.04000000001375976 0.04000000004341881 2.0844569126321488e-11   
103 618 0.0012739410078125384 6.098105162130587 0.04000000000008125 4.0000000002712387e-02 0.040000000010137655 0.04000000002140702 1.751097183921857e-11   
104 624 0.0011295219340428618 5.95972336491264 0.04000000000008125 4.0000000000355668e-02 0.040000000005650745 0.04000000001449309 8.096037729110606e-12   
105 630 0.0009293226665653111 6.530411903209699 0.04000000000008125 4.0000000001021351e-02 0.0400000000090444 0.040000000017641826 1.2321824116590108e-11   
106 636 0.0007037970692383097 7.103277896227389 0.04000000000008125 4.0000000000121293e-02 0.04000000000329215 0.04000000000621528 3.796442327175242e-12   
107 642 0.0005622191429542506 7.06213376748999 0.04000000000008125 4.0000000000192291e-02 0.04000000000143701 0.04000000000224921 1.354770462480559e-12   
108 648 0.00040961449905670117 7.706444886836748 0.04000000000008125 4.0000000000252084e-02 0.04000000000062254 0.040000000000962016 4.601874437071274e-13   
109 654 0.0004116297766368096 7.509257770444156 0.04000000000005337 4.0000000000053368e-02 0.04000000000014268 0.0400000000005484 4.675010378818456e-13   
110 660 0.00044178083192429043 7.486623417676592 0.040000000000034674 4.0000000000034674e-02 0.04000000000010595 0.0400000000002166 5.4567461660326444e-14   
111 666 0.0003642798671505371 6.1456996888142355 0.04000000000000275 4.0000000000002749e-02 0.04000000000020872 0.040000000000776276 3.4631325585010586e-13   
112 672 0.0003210233643227649 6.211804744609324 0.04000000000000275 4.0000000000061008e-02 0.040000000000159734 0.04000000000038701 2.511116314884987e-13   
113 678 0.00023272938322518652 5.922430148609859 0.04000000000000275 4.0000000000029470e-02 0.04000000000005851 0.040000000000115186 4.01276234462955e-14   
114 684 0.0002288399906848561 6.560043729800193 0.04000000000000275 4.0000000000008702e-02 0.04000000000002663 0.04000000000014854 2.1142809725205325e-14   
115 690 0.00020070224439177313 7.180296247314973 0.04000000000000275 4.0000000000010062e-02 0.0400000000000193 0.04000000000003789 6.869504964868156e-15   
116 696 0.00018657831382972522 7.593375839856625 0.040000000000000924 4.0000000000000924e-02 0.0400000000000104 0.04000000000001522 6.1547988927657116e-15   
117 702 0.00015962422644271162 7.003339234324329 0.040000000000000924 4.0000000000007044e-02 0.04000000000001094 0.040000000000021046 5.960509863456309e-15   
118 708 0.00013468935765244557 6.878934316521089 0.040000000000000924 4.0000000000002367e-02 0.040000000000009285 0.04000000000001634 6.869504964868156e-15   
119 714 0.00012072439168638301 7.539900753616102 0.040000000000000924 4.0000000000001583e-02 0.04000000000000658 0.04000000000001165 4.9960036108132044e-15   
