% # columns="iteration, evaluation, sigma, beta, void,  sigvec==sigma_vec.scaling factors from diagonal decoding", seed=767162, Sun Jul 27 19:55:26 2025, <python>{}</python>
1 6 0.8865307082115864 1 0 0.6 0.5999850001874985
2 12 0.8726948539972478 1 0 0.6 0.5999850001874985
3 18 0.7634580254789962 1 0 0.6 0.5999850001874985
4 24 0.8221023584287228 1 0 0.6 0.5999850001874985
5 30 0.7684082738747914 1 0 0.6 0.5999850001874985
6 36 0.6266118101336765 1 0 0.6 0.5999850001874985
7 42 0.5519719600061421 1 0 0.6 0.5999850001874985
8 48 0.4043980297958787 1 0 0.6 0.5999850001874985
9 54 0.3917604792267642 1 0 0.6 0.5999850001874985
10 60 0.295858173995128 1 0 0.6 0.5999850001874985
11 66 0.3966713808990351 1 0 0.6 0.5999850001874985
12 72 0.3752101430609264 1 0 0.6 0.5999850001874985
13 78 0.33678132851084036 1 0 0.6 0.5999850001874985
14 84 0.2618638999087285 1 0 0.6 0.5999850001874985
15 90 0.22094908965375168 1 0 0.6 0.5999850001874985
16 96 0.19629396444118238 1 0 0.6 0.5999850001874985
17 102 0.15655743643401657 1 0 0.6 0.5999850001874985
18 108 0.13583329536962674 1 0 0.6 0.5999850001874985
19 114 0.10841404122133963 1 0 0.6 0.5999850001874985
20 120 0.10030530404741986 1 0 0.6 0.5999850001874985
21 126 0.09758042627093926 1 0 0.6 0.5999850001874985
22 132 0.08236138450728861 1 0 0.6 0.5999850001874985
23 138 0.058400900891886286 1 0 0.6 0.5999850001874985
24 144 0.05577012306441027 1 0 0.6 0.5999850001874985
25 150 0.05693397798100956 1 0 0.6 0.5999850001874985
26 156 0.07004525195987678 1 0 0.6 0.5999850001874985
27 162 0.10039308473801302 1 0 0.6 0.5999850001874985
28 168 0.12119016823226748 1 0 0.6 0.5999850001874985
29 174 0.12028383314393745 1 0 0.6 0.5999850001874985
30 180 0.09155260767138951 1 0 0.6 0.5999850001874985
31 186 0.08761703478566048 1 0 0.6 0.5999850001874985
32 192 0.100380955069532 1 0 0.6 0.5999850001874985
33 198 0.08516815043811295 1 0 0.6 0.5999850001874985
34 204 0.08173322042038204 1 0 0.6 0.5999850001874985
35 210 0.06103754154391844 1 0 0.6 0.5999850001874985
36 216 0.05466393689012079 1 0 0.6 0.5999850001874985
37 222 0.07468614918380329 1 0 0.6 0.5999850001874985
38 228 0.0840903435013989 1 0 0.6 0.5999850001874985
39 234 0.07976256224835179 1 0 0.6 0.5999850001874985
40 240 0.08402207155775633 1 0 0.6 0.5999850001874985
41 246 0.06732136585084822 1 0 0.6 0.5999850001874985
42 252 0.05058043234558493 1 0 0.6 0.5999850001874985
43 258 0.041275905060358414 1 0 0.6 0.5999850001874985
44 264 0.02913940907407091 1 0 0.6 0.5999850001874985
45 270 0.02430685248380474 1 0 0.6 0.5999850001874985
46 276 0.018318545467223543 1 0 0.6 0.5999850001874985
47 282 0.014911938009544446 1 0 0.6 0.5999850001874985
48 288 0.01123836580703506 1 0 0.6 0.5999850001874985
49 294 0.008149907281030044 1 0 0.6 0.5999850001874985
50 300 0.006676472310629636 1 0 0.6 0.5999850001874985
51 306 0.004848855861911173 1 0 0.6 0.5999850001874985
52 312 0.00395562760937453 1 0 0.6 0.5999850001874985
53 318 0.0035577151816375105 1 0 0.6 0.5999850001874985
54 324 0.003167400425193607 1 0 0.6 0.5999850001874985
55 330 0.0027128828219155163 1 0 0.6 0.5999850001874985
56 336 0.0025800948446772524 1 0 0.6 0.5999850001874985
57 342 0.001978105787394062 1 0 0.6 0.5999850001874985
58 348 0.0015011421239535297 1 0 0.6 0.5999850001874985
59 354 0.0012151459508924203 1 0 0.6 0.5999850001874985
60 360 0.0009492025659647947 1 0 0.6 0.5999850001874985
61 366 0.0007959928132590983 1 0 0.6 0.5999850001874985
62 372 0.0006049070766367003 1 0 0.6 0.5999850001874985
63 378 0.0004605518686322342 1 0 0.6 0.5999850001874985
64 384 0.00037017658837202466 1 0 0.6 0.5999850001874985
65 390 0.00045969062261991993 1 0 0.6 0.5999850001874985
66 396 0.00043951437643622015 1 0 0.6 0.5999850001874985
67 402 0.0003661085073433615 1 0 0.6 0.5999850001874985
68 408 0.00028151244536721634 1 0 0.6 0.5999850001874985
69 414 0.00027767662517445775 1 0 0.6 0.5999850001874985
70 420 0.0003068847166786403 1 0 0.6 0.5999850001874985
71 426 0.00029393628415656656 1 0 0.6 0.5999850001874985
72 432 0.0002737912858932423 1 0 0.6 0.5999850001874985
73 438 0.00022304660355810312 1 0 0.6 0.5999850001874985
74 444 0.00018275537784182775 1 0 0.6 0.5999850001874985
75 450 0.0001734433206493028 1 0 0.6 0.5999850001874985
76 456 0.00016779268414571103 1 0 0.6 0.5999850001874985
77 462 0.00013783749324019186 1 0 0.6 0.5999850001874985
78 468 0.00011857443805982575 1 0 0.6 0.5999850001874985
79 474 0.00010434272965255559 1 0 0.6 0.5999850001874985
80 480 8.154735480025848e-05 1 0 0.6 0.5999850001874985
81 486 6.674578899551985e-05 1 0 0.6 0.5999850001874985
82 492 6.992161498760978e-05 1 0 0.6 0.5999850001874985
83 498 5.852876861080127e-05 1 0 0.6 0.5999850001874985
84 504 4.579945523046462e-05 1 0 0.6 0.5999850001874985
85 510 3.8827470137795406e-05 1 0 0.6 0.5999850001874985
86 516 3.001692908397306e-05 1 0 0.6 0.5999850001874985
86 516 3.001692908397306e-05 1 0 0.6 0.5999850001874985
