% # columns="iteration, evaluation, void, void, void, xmean", seed=767162, Sun Jul 27 19:55:26 2025, <python>{}</python> # scaling_of_variables: 1, typical_x: 0
1 6 0 0 0 0.33700245396353384 0.1979370422950521
2 12 0 0 0 0.5920089356329145 0.4021778185670485
3 18 0 0 0 0.43789023799282273 0.062410465007572705
4 24 0 0 0 0.7212648782533971 0.5108140278343047
5 30 0 0 0 0.7422199980977545 0.6392701765699131
6 36 0 0 0 0.8268931823312227 0.6324275578724093
7 42 0 0 0 0.8653651184915055 0.548948558453741
8 48 0 0 0 0.8151696611815639 0.5302955034314656
9 54 0 0 0 0.9420185572118227 0.5813268226958496
10 60 0 0 0 0.8693253559608842 0.5405549326608328
11 66 0 0 0 0.826160781193381 0.6329342385215381
12 72 0 0 0 0.8031948518959736 0.6209086823204992
13 78 0 0 0 0.8898505750721406 0.596188461303213
14 84 0 0 0 0.8709538990404794 0.6212220689971076
15 90 0 0 0 0.9036962313293453 0.6197166301822745
16 96 0 0 0 0.9171281945682855 0.6019073282729539
17 102 0 0 0 0.9146649417580348 0.5972154037268208
18 108 0 0 0 0.903431182940004 0.6119526995201612
19 114 0 0 0 0.9044667692447084 0.6146153408230377
20 120 0 0 0 0.9034380036101262 0.6041538767073269
21 126 0 0 0 0.9139632373330145 0.6082971921483584
22 132 0 0 0 0.9049855770422782 0.6132043038528693
23 138 0 0 0 0.9061259251363389 0.6113595884380622
24 144 0 0 0 0.9097645891646535 0.6129213975278793
25 150 0 0 0 0.9058893870123529 0.6162706347493968
26 156 0 0 0 0.9007455556317707 0.6204775802211409
27 162 0 0 0 0.8904629531117799 0.6267047770235828
28 168 0 0 0 0.8813757412838773 0.6332784332584859
29 174 0 0 0 0.8753035257457922 0.6357483714965227
30 180 0 0 0 0.8794980610643558 0.6323809926455624
31 186 0 0 0 0.8707635109507725 0.636913803286548
32 192 0 0 0 0.8594074930297539 0.6431078191176335
33 198 0 0 0 0.8651168776120937 0.638992037369249
34 204 0 0 0 0.8669756008468383 0.6366210443207424
35 210 0 0 0 0.8645821426322522 0.6384713575958063
36 216 0 0 0 0.8632010333737372 0.6383474038181107
37 222 0 0 0 0.8579497668195044 0.639404054561916
38 228 0 0 0 0.8540725403729323 0.6403238841631231
39 234 0 0 0 0.8525919143475125 0.6403297810102548
40 240 0 0 0 0.8503934025914517 0.6399581574615212
41 246 0 0 0 0.8509296088104344 0.6399387391368456
42 252 0 0 0 0.8503578746412264 0.6401005925625726
43 258 0 0 0 0.8500165425986972 0.6399419071741421
44 264 0 0 0 0.8502206364595074 0.6400053952028756
45 270 0 0 0 0.8495470913628513 0.6401535824482854
46 276 0 0 0 0.8499664425901445 0.6400692321085791
47 282 0 0 0 0.849925537386283 0.640003641980428
48 288 0 0 0 0.8499888207418226 0.6399979836216864
49 294 0 0 0 0.8500005517670924 0.6400031225343825
50 300 0 0 0 0.8500565928955451 0.6400101521536478
51 306 0 0 0 0.8500218462177618 0.6400048089097388
52 312 0 0 0 0.8500180115178508 0.6400154088987796
53 318 0 0 0 0.8499896313458293 0.6400044334797116
54 324 0 0 0 0.8499723278551538 0.6400018506392219
55 330 0 0 0 0.8499854872363897 0.6399970867260936
56 336 0 0 0 0.8500130319483632 0.6400006192114803
57 342 0 0 0 0.8499930886350279 0.6400006191964728
58 348 0 0 0 0.8499943144347598 0.639999278618622
59 354 0 0 0 0.8500008889668962 0.6399999101122062
60 360 0 0 0 0.8500016657646148 0.6400002409601355
61 366 0 0 0 0.8499995339077127 0.6399993818719176
62 372 0 0 0 0.8500011200672531 0.6399997660880011
63 378 0 0 0 0.8500001000716746 0.639999915570765
64 384 0 0 0 0.8499994949353796 0.6400000515647144
65 390 0 0 0 0.8500016492877278 0.6400003169143917
66 396 0 0 0 0.8500027059171048 0.6399998583127272
67 402 0 0 0 0.8500012165549174 0.6400001794186215
68 408 0 0 0 0.8500017385925738 0.6400001807784996
69 414 0 0 0 0.8500008592212239 0.6399999851229063
70 420 0 0 0 0.8499997094251677 0.6400000635693041
71 426 0 0 0 0.8499996262750208 0.6399998963105831
72 432 0 0 0 0.8499990296077576 0.6399999943380826
73 438 0 0 0 0.8499993727183102 0.6400000472009512
74 444 0 0 0 0.8499996489412762 0.640000074894513
75 450 0 0 0 0.8499995004675958 0.6399999823316176
76 456 0 0 0 0.8499998386830608 0.6399999792610066
77 462 0 0 0 0.8499999237196425 0.6400000034313594
78 468 0 0 0 0.849999991161752 0.6399999807499732
79 474 0 0 0 0.850000099337393 0.6399999978338003
80 480 0 0 0 0.8500001079087478 0.6399999987227922
81 486 0 0 0 0.8500000802241945 0.640000007151403
82 492 0 0 0 0.849999980498054 0.6399999943465892
83 498 0 0 0 0.849999991129208 0.6399999926170753
84 504 0 0 0 0.8499999839771503 0.6399999970531347
85 510 0 0 0 0.8499999870629624 0.6400000005040688
86 516 0 0 0 0.8499999841974937 0.6400000006642684
86 516 0 0 0 0.8499999841974937 0.6400000006642684
