% # columns="iter, evals, sigma, 0, fitness, xbest" seed=789069, Sun Jul 27 20:29:08 2025, <python>{}</python>
1 6 0.9736728276101203 0 2.041544876897494 0.4819090711593614 0.09907755043975772
2 12 0.7059760749084666 0 0.48030079348229576 0.3593312318574436 0.15554701073737984
3 18 0.576045871240194 0 0.4200208448910958 0.3986633041056964 0.1347632299995061
4 24 0.4111563363812141 0 0.8512487838315785 0.42154196681510214 0.10582029763806318
5 30 0.36645274695749736 0 0.7315858396945204 0.2596941701714067 0.02460029661978605
6 36 0.32233462317470524 0 0.3696382356146023 0.3964917004293596 0.16456499454097717
7 42 0.36211530934410163 0 0.41825294668137647 0.5259564159545698 0.3206228357740922
8 48 0.331394873272311 0 0.4379040841081442 0.5781918824691196 0.2833174232761291
9 54 0.3289908880706334 0 0.5079016335738384 0.6444013322529352 0.3534913395766761
10 60 0.26224306947237336 0 0.17871394504261987 0.6155986151616881 0.3613691792175091
11 66 0.22855130117349 0 0.28504076553603175 0.5782772213270033 0.36714452996596353
12 72 0.26460587923311 0 0.32998876410815764 0.4374284455717702 0.17972382991231295
13 78 0.2535655460869973 0 0.20326712132696312 0.6143221307821514 0.3540422258734795
14 84 0.2348989937988946 0 0.17000716353142376 0.5881634807726341 0.34793088524370097
15 90 0.21650687184844636 0 0.19052406193802568 0.6748182089023641 0.4262624612429655
16 96 0.19748889152583363 0 0.16843152513781204 0.5904452068698267 0.34598660964889916
17 102 0.18102616766776222 0 0.15993270531281378 0.6174775154080218 0.3929443528096753
18 108 0.14923948854765504 0 0.12656405141621024 0.6449493864024591 0.41371669251848825
19 114 0.12575339831230137 0 0.13499636043831928 0.6605825302107498 0.42230082456385293
20 120 0.12058869456053385 0 0.1225022874083708 0.6505714415108828 0.42123828175660966
21 126 0.09832909980573414 0 0.11029222958308103 0.667943298020102 0.4455952913850006
22 132 0.10313904392640649 0 0.1068798501924829 0.6763313948857754 0.4528214562220816
23 138 0.11658508346805692 0 0.0988622146124682 0.6866938844857786 0.4688999204438966
24 144 0.12021602590707221 0 0.09423496913841134 0.693124525803118 0.47963159260634386
25 150 0.08481071940863086 0 0.09655537094317646 0.69296860500292 0.4754231309569475
26 156 0.08466125802290027 0 0.0927784573005196 0.7032280363651384 0.48767047372733596
27 162 0.08889521783221221 0 0.08369392398887777 0.7129167401299211 0.5046765885398669
28 168 0.13378043998126668 0 0.07592536851919114 0.7245548315946196 0.5257235300509343
29 174 0.17437489381699572 0 0.06290605229912213 0.7644958354218797 0.5758261128130876
30 180 0.2035755398574356 0 0.05184472379041205 0.7817464587765867 0.6046389855009646
31 186 0.21660302365631862 0 0.050643568204385175 0.783731676648904 0.6204575435826983
32 192 0.17356948859344107 0 0.05440608325824893 0.7791407236866135 0.5995587585756004
33 198 0.14115363020294588 0 0.047555142639491954 0.7842053760374686 0.6118351067913694
34 204 0.12365869979589605 0 0.04616641485338692 0.7883970225288729 0.6252989330839593
35 210 0.09717170007709654 0 0.04581498997480715 0.7860295976525635 0.6172798837903618
36 216 0.08605292237765019 0 0.0453238892328726 0.7872555496446293 0.6189732523533318
37 222 0.07841344859815684 0 0.046506221733241496 0.787782111263569 0.6244344381195271
38 228 0.066165781953507 0 0.04537551551491479 0.7869961565363155 0.6195838165300998
39 234 0.04775395933499948 0 0.0452718141330921 0.7876848994116197 0.62184074228803
40 240 0.049406218518163104 0 0.04495979358657753 0.7880435564715443 0.6215979641892998
41 246 0.06638004035800334 0 0.044380056687519015 0.7900660322126217 0.6259587179298646
42 252 0.10891991812417572 0 0.04397636312771942 0.7934311747771207 0.6331464534864875
43 258 0.12570197223364435 0 0.04315563990953672 0.7926109055432807 0.6294378809492486
44 264 0.1084701439275665 0 0.04313456194926629 0.7932075203938057 0.6311054283774611
45 270 0.08903607964957296 0 0.0442481608148446 0.7899624104665226 0.6228900805162481
46 276 0.08165584234754789 0 0.04288072216679658 0.7934812228982534 0.6311313877965022
47 282 0.10956639348689114 0 0.04273196684114842 0.795811364322486 0.6365390300858299
48 288 0.13168283816888884 0 0.04213879852245379 0.7960186940155393 0.6359488576842045
49 294 0.10415295542345461 0 0.04233120514291862 0.7952740416229661 0.6345064970277796
50 300 0.08326927671949098 0 0.04259646023811598 0.7962499669664775 0.63730397080111
51 306 0.07404762225431699 0 0.0423142875955075 0.7963120717679099 0.6369860941759131
52 312 0.07357537890106504 0 0.04219234282257815 0.7950866762540048 0.6335871561935404
53 318 0.09135058525658336 0 0.04198166021897703 0.7959976323009725 0.6355219274428267
54 324 0.1323831248682004 0 0.04163758776204268 0.7968650518934381 0.6369272516124753
55 330 0.15003683165571974 0 0.04141268760814776 0.7967749972005104 0.6359100463197983
56 336 0.20834837215400015 0 0.04096600753536925 0.797669680995668 0.6368103011471384
57 342 0.3215283463650751 0 0.040201342752655043 0.7995307677066718 0.6396159134653612
58 348 0.41148957853179763 0 0.040704278988381054 0.7996152111339994 0.6370388188512476
59 354 0.33128528139569385 0 0.04233857964100812 0.7999976089414765 0.6448310716345484
60 360 0.4364547571739133 0 0.04000779651156175 0.7999998639287685 0.6397215362968471
61 366 0.5327871902516061 0 0.04019884040016237 0.7996279408064038 0.6386985980479996
62 372 0.443308889619508 0 0.04000655566506334 0.7999842017562331 0.6399261310877862
63 378 0.407404348480288 0 0.040079378385508964 0.7998341447654477 0.6400953360480608
64 384 0.3467393143708772 0 0.040066957407826766 0.7999558655811003 0.6392272352385724
65 390 0.2632453802670276 0 0.04004911374147522 0.7999978166420755 0.6393019535848815
66 396 0.2647565120881759 0 0.04007731651935911 0.7999198879341428 0.6405446218440696
67 402 0.1975393272566561 0 0.04002578657758288 0.7999477239806481 0.6401371197270165
68 408 0.14786352880818693 0 0.040004517228912136 0.799989747558655 0.639919086722014
69 414 0.13587241759450558 0 0.040002337058100565 0.799994690973248 0.6400377029028387
70 420 0.10051739483686362 0 0.04000451881210281 0.7999990583950222 0.6397949702346115
71 426 0.07916012838761056 0 0.040001742662670585 0.7999979410543441 0.6399008370222227
72 432 0.06612685829766399 0 0.04000305934598304 0.7999972657185572 0.6398554243750861
73 438 0.05933118262229631 0 0.04000200292425591 0.7999952256763262 0.6400228851924893
74 444 0.06891161915996746 0 0.040001195721706594 0.79999942885419 0.6400974356996355
75 450 0.06364788002401854 0 0.04000048978213606 0.7999998921890088 0.640066659959208
76 456 0.06285277258581465 0 0.0400009155035787 0.7999994098738914 0.6399166268724013
77 462 0.05225987768277148 0 0.04000000974829921 0.7999999774549277 0.6400026662782946
78 468 0.04550807730307233 0 0.040000013201926844 0.7999999914892425 0.6400098846774774
79 474 0.03640811835155511 0 0.04000005629663226 0.799999911955245 0.6400143776415841
80 480 0.03461987149257354 0 0.04000005523690243 0.7999999613620562 0.6399799928230868
81 486 0.028334527755880363 0 0.04000005852908746 0.7999999019538095 0.6400137393851942
82 492 0.022247746450069373 0 0.040000003803353 0.7999999905014435 0.6399997865517159
83 498 0.01719803068234262 0 0.040000008839922746 0.7999999820231588 0.6400040322541036
84 504 0.01354531225634712 0 0.04000001137223361 0.7999999972261091 0.6400101260490555
85 510 0.013257461620090168 0 0.04000000217022665 0.799999999497222 0.6399955617239182
86 516 0.011188325911304696 0 0.04000000037063145 0.7999999997696055 0.6399983308784472
87 522 0.008420420131617468 0 0.04000000025582325 0.7999999999839291 0.6399984207501114
88 528 0.007020411019947531 0 0.040000001507441006 0.7999999991884904 0.6399965594616006
89 534 0.006171367846704701 0 0.0400000011120577 0.799999998841461 0.6399974513010406
90 540 0.005467159986616515 0 0.04000000026749267 0.799999999991594 0.6399983747780592
91 546 0.004613344272771724 0 0.04000000065253172 0.799999999970924 0.6399974683506164
92 552 0.004862921820261386 0 0.04000000013296714 0.7999999998498633 0.6400008536476013
93 558 0.004623693135207513 0 0.040000000132132014 0.7999999997971854 0.6400007138615285
94 564 0.0036497472291720312 0 0.040000000028558795 0.7999999999978575 0.6400005263216275
95 570 0.0037255828200605254 0 0.04000000003503137 0.7999999999881471 0.6399994496156638
96 576 0.002656731372547563 0 0.04000000003012024 0.7999999999565216 0.6399996431548259
97 582 0.0023184097556321667 0 0.0400000000055003 0.7999999999973018 0.6400002102576162
98 588 0.001834760739892753 0 0.04000000000676505 0.7999999999935758 0.6400002048162405
99 594 0.001687126408563637 0 0.04000000001411548 0.799999999993623 0.6400003400588203
100 600 0.0016047843152202053 0 0.04000000000941302 0.7999999999790713 0.6399998979098918
101 606 0.0015403758806608872 0 0.04000000000990747 0.7999999999864085 0.6399997885341095
102 612 0.0015525761068030397 0 0.04000000000008125 0.7999999999998618 0.6400000161182368
103 618 0.0012739410078125384 0 0.04000000000271239 0.7999999999961037 0.6400001074123314
104 624 0.0011295219340428618 0 0.04000000000035567 0.7999999999991356 0.6399999900396318
105 630 0.0009293226665653111 0 0.04000000000102135 0.7999999999988628 0.6400000752633402
106 636 0.0007037970692383097 0 0.04000000000012129 0.7999999999999319 0.6400000306658842
107 642 0.0005622191429542506 0 0.04000000000019229 0.7999999999999807 0.6400000429630777
108 648 0.00040961449905670117 0 0.040000000000252084 0.7999999999999995 0.6400000501880126
109 654 0.0004116297766368096 0 0.04000000000005337 0.799999999999965 0.6400000198360537
110 660 0.00044178083192429043 0 0.040000000000034674 0.799999999999915 0.6399999974005524
111 666 0.0003642798671505371 0 0.04000000000000275 0.7999999999999956 0.6400000031461105
112 672 0.0003210233643227649 0 0.04000000000006101 0.7999999999998678 0.6400000090167907
113 678 0.00023272938322518652 0 0.04000000000002947 0.7999999999999324 0.6399999950591987
114 684 0.0002288399906848561 0 0.0400000000000087 0.7999999999999867 0.6399999941777701
115 690 0.00020070224439177313 0 0.04000000000001006 0.7999999999999986 0.6399999902527856
116 696 0.00018657831382972522 0 0.040000000000000924 0.7999999999999996 0.639999997242948
117 702 0.00015962422644271162 0 0.040000000000007044 0.7999999999999992 0.6399999918113595
118 708 0.00013468935765244557 0 0.04000000000000237 0.7999999999999946 0.6399999985601101
119 714 0.00012072439168638301 0 0.04000000000000158 0.7999999999999977 0.6399999974192572
119 714 0.00012072439168638301 0 0.04000000000000158 0.7999999999999977 0.6399999974192572
