% # columns="iteration, evaluation, min max(neg(.)) min(pos(.)) max correlation, correlation matrix principal axes lengths  (sorted square roots of eigenvalues of correlation matrix)", seed=516372, Sun Jul 19 06:18:30 2026
1 6 -0.13133826758609424 -0.13133826758609424 -0.13133826758609424 -0.13133826758609424 0.9320202424914954 1.0636438631356335
2 12 -0.13133826758609424 -0.13133826758609424 -0.13133826758609424 -0.13133826758609424 0.9320202424914954 1.0636438631356335
3 18 -0.5940641879063691 -0.5940641879063691 -0.5940641879063691 -0.5940641879063691 0.6371309222550974 1.2625625481164762
4 24 -0.5940641879063691 -0.5940641879063691 -0.5940641879063691 -0.5940641879063691 0.6371309222550974 1.2625625481164762
5 30 -0.6842420182188961 -0.6842420182188961 -0.6842420182188961 -0.6842420182188961 0.5619234661242613 1.2977835020599144
6 36 -0.6842420182188961 -0.6842420182188961 -0.6842420182188961 -0.6842420182188961 0.5619234661242613 1.2977835020599144
7 42 -0.8549497609916872 -0.8549497609916872 -0.8549497609916872 -0.8549497609916872 0.38085461662990605 1.3619654037425795
8 48 -0.8549497609916872 -0.8549497609916872 -0.8549497609916872 -0.8549497609916872 0.38085461662990605 1.3619654037425795
9 54 -0.926543506794305 -0.926543506794305 -0.926543506794305 -0.926543506794305 0.27102858374292416 1.3879998223322312
10 60 -0.926543506794305 -0.926543506794305 -0.926543506794305 -0.926543506794305 0.27102858374292416 1.3879998223322312
11 66 -0.9427794120371497 -0.9427794120371497 -0.9427794120371497 -0.9427794120371497 0.23920825228835718 1.3938362213822504
12 72 -0.9427794120371497 -0.9427794120371497 -0.9427794120371497 -0.9427794120371497 0.23920825228835718 1.3938362213822504
13 78 -0.9329495590711954 -0.9329495590711954 -0.9329495590711954 -0.9329495590711954 0.25894099893374245 1.3903055632022752
14 84 -0.9329495590711954 -0.9329495590711954 -0.9329495590711954 -0.9329495590711954 0.25894099893374245 1.3903055632022752
15 90 -0.9531443104465821 -0.9531443104465821 -0.9531443104465821 -0.9531443104465821 0.21646175078617907 1.3975493946356896
16 96 -0.9531443104465821 -0.9531443104465821 -0.9531443104465821 -0.9531443104465821 0.21646175078617907 1.3975493946356896
17 102 -0.961192134118732 -0.961192134118732 -0.961192134118732 -0.961192134118732 0.19699712150503126 1.400425697464429
18 108 -0.961192134118732 -0.961192134118732 -0.961192134118732 -0.961192134118732 0.19699712150503126 1.400425697464429
19 114 -0.9684496633562936 -0.9684496633562936 -0.9684496633562936 -0.9684496633562936 0.17762414431519857 1.4030144914990341
20 120 -0.9684496633562936 -0.9684496633562936 -0.9684496633562936 -0.9684496633562936 0.17762414431519857 1.4030144914990341
21 126 -0.9649968030088379 -0.9649968030088379 -0.9649968030088379 -0.9649968030088379 0.1870914134618746 1.4017834365581716
22 132 -0.9649968030088379 -0.9649968030088379 -0.9649968030088379 -0.9649968030088379 0.1870914134618746 1.4017834365581716
23 138 -0.9634548172566573 -0.9634548172566573 -0.9634548172566573 -0.9634548172566573 0.19116794381732158 1.4012333200636706
24 144 -0.9634548172566573 -0.9634548172566573 -0.9634548172566573 -0.9634548172566573 0.19116794381732158 1.4012333200636706
25 150 -0.9659787944336689 -0.9659787944336689 -0.9659787944336689 -0.9659787944336689 0.18444838184796047 1.4021336578349686
26 156 -0.9659787944336689 -0.9659787944336689 -0.9659787944336689 -0.9659787944336689 0.18444838184796047 1.4021336578349686
27 162 -0.9442427936945853 -0.9442427936945853 -0.9442427936945853 -0.9442427936945853 0.2361296387695003 1.394361070058464
28 168 -0.9442427936945853 -0.9442427936945853 -0.9442427936945853 -0.9442427936945853 0.2361296387695003 1.394361070058464
29 174 -0.9376510163432809 -0.9376510163432809 -0.9376510163432809 -0.9376510163432809 0.2496977846451966 1.391995336322389
30 180 -0.9376510163432809 -0.9376510163432809 -0.9376510163432809 -0.9376510163432809 0.2496977846451966 1.391995336322389
31 186 -0.9529347366211697 -0.9529347366211697 -0.9529347366211697 -0.9529347366211697 0.21694530043038587 1.3974744135837227
32 192 -0.9529347366211697 -0.9529347366211697 -0.9529347366211697 -0.9529347366211697 0.21694530043038587 1.3974744135837227
33 198 -0.9296956788130274 -0.9296956788130274 -0.9296956788130274 -0.9296956788130274 0.2651496203787071 1.3891348670352448
34 204 -0.9296956788130274 -0.9296956788130274 -0.9296956788130274 -0.9296956788130274 0.2651496203787071 1.3891348670352448
35 210 -0.9024414550438831 -0.9024414550438831 -0.9024414550438831 -0.9024414550438831 0.3123436328086693 1.379290199720089
36 216 -0.9024414550438831 -0.9024414550438831 -0.9024414550438831 -0.9024414550438831 0.3123436328086693 1.379290199720089
37 222 -0.9109360597682004 -0.9109360597682004 -0.9109360597682004 -0.9109360597682004 0.29843582263495033 1.3823661091650794
38 228 -0.9109360597682004 -0.9109360597682004 -0.9109360597682004 -0.9109360597682004 0.29843582263495033 1.3823661091650794
39 234 -0.8461974493971095 -0.8461974493971095 -0.8461974493971095 -0.8461974493971095 0.39217668289036584 1.3587484864378356
40 240 -0.8461974493971095 -0.8461974493971095 -0.8461974493971095 -0.8461974493971095 0.39217668289036584 1.3587484864378356
41 246 -0.7743521062013599 -0.7743521062013599 -0.7743521062013599 -0.7743521062013599 0.4750240981241269 1.332048087045419
42 252 -0.7743521062013599 -0.7743521062013599 -0.7743521062013599 -0.7743521062013599 0.4750240981241269 1.332048087045419
43 258 -0.7479623759949506 -0.7479623759949506 -0.7479623759949506 -0.7479623759949506 0.5020334889278297 1.3221052817362733
44 264 -0.7479623759949506 -0.7479623759949506 -0.7479623759949506 -0.7479623759949506 0.5020334889278297 1.3221052817362733
45 270 -0.5648892938471682 -0.5648892938471682 -0.5648892938471682 -0.5648892938471682 0.6596292186924652 1.2509553524595385
46 276 -0.5648892938471682 -0.5648892938471682 -0.5648892938471682 -0.5648892938471682 0.6596292186924652 1.2509553524595385
47 282 -0.39602618978802717 -0.39602618978802717 -0.39602618978802717 -0.39602618978802717 0.7771575195621366 1.1815355220170178
48 288 -0.39602618978802717 -0.39602618978802717 -0.39602618978802717 -0.39602618978802717 0.7771575195621366 1.1815355220170178
49 294 -0.2959164929184097 -0.2959164929184097 -0.2959164929184097 -0.2959164929184097 0.8390968401094062 1.138383280322761
50 300 -0.2959164929184097 -0.2959164929184097 -0.2959164929184097 -0.2959164929184097 0.8390968401094062 1.138383280322761
51 306 -0.11876268472038215 -0.11876268472038215 -0.11876268472038215 -0.11876268472038215 0.9387424115696584 1.0577157863624718
52 312 -0.11876268472038215 -0.11876268472038215 -0.11876268472038215 -0.11876268472038215 0.9387424115696584 1.0577157863624718
53 318 -0.22932494603471784 -0.22932494603471784 -0.22932494603471784 -0.22932494603471784 0.8778810021667416 1.108749271041347
54 324 -0.22932494603471784 -0.22932494603471784 -0.22932494603471784 -0.22932494603471784 0.8778810021667416 1.108749271041347
55 330 -0.46387710743441546 -0.46387710743441546 -0.46387710743441546 -0.46387710743441546 0.7322041331251719 1.2099078921283286
56 336 -0.46387710743441546 -0.46387710743441546 -0.46387710743441546 -0.46387710743441546 0.7322041331251719 1.2099078921283286
57 342 -0.5899806972785714 -0.5899806972785714 -0.5899806972785714 -0.5899806972785714 0.6403274964589828 1.2609443672417002
58 348 -0.5899806972785714 -0.5899806972785714 -0.5899806972785714 -0.5899806972785714 0.6403274964589828 1.2609443672417002
59 354 -0.6480288704639642 -0.6480288704639642 -0.6480288704639642 -0.6480288704639642 0.5932715478902019 1.2837557674511004
60 360 -0.6480288704639642 -0.6480288704639642 -0.6480288704639642 -0.6480288704639642 0.5932715478902019 1.2837557674511004
61 366 -0.5257373524451803 -0.5257373524451803 -0.5257373524451803 -0.5257373524451803 0.6886672981598733 1.23520741272273
62 372 -0.5257373524451803 -0.5257373524451803 -0.5257373524451803 -0.5257373524451803 0.6886672981598733 1.23520741272273
63 378 -0.6101794558073376 -0.6101794558073376 -0.6101794558073376 -0.6101794558073376 0.6243561036721452 1.2689284675691288
64 384 -0.6101794558073376 -0.6101794558073376 -0.6101794558073376 -0.6101794558073376 0.6243561036721452 1.2689284675691288
65 390 -0.4742310640252737 -0.4742310640252737 -0.4742310640252737 -0.4742310640252737 0.7250992593946888 1.2141791729498879
66 396 -0.4742310640252737 -0.4742310640252737 -0.4742310640252737 -0.4742310640252737 0.7250992593946888 1.2141791729498879
67 402 -0.47839094112467767 -0.47839094112467767 -0.47839094112467767 -0.47839094112467767 0.7222250749422388 1.2158910070909636
68 408 -0.47839094112467767 -0.47839094112467767 -0.47839094112467767 -0.47839094112467767 0.7222250749422388 1.2158910070909636
69 414 -0.33172037073742555 -0.33172037073742555 -0.33172037073742555 -0.33172037073742555 0.8174837180412676 1.154001893732166
70 420 -0.33172037073742555 -0.33172037073742555 -0.33172037073742555 -0.33172037073742555 0.8174837180412676 1.154001893732166
71 426 -0.19495149386390792 -0.19495149386390792 -0.19495149386390792 -0.19495149386390792 0.8972449532519489 1.0931383690383885
72 432 -0.19495149386390792 -0.19495149386390792 -0.19495149386390792 -0.19495149386390792 0.8972449532519489 1.0931383690383885
73 438 -0.1762699319974272 -0.1762699319974272 -0.1762699319974272 -0.1762699319974272 0.9075957624419436 1.0845597871936001
74 444 -0.1762699319974272 -0.1762699319974272 -0.1762699319974272 -0.1762699319974272 0.9075957624419436 1.0845597871936001
75 450 -0.09995360778072282 -0.09995360778072282 -0.09995360778072282 -0.09995360778072282 0.9487077485818682 1.0487867313141994
76 456 -0.09995360778072282 -0.09995360778072282 -0.09995360778072282 -0.09995360778072282 0.9487077485818682 1.0487867313141994
77 462 0.03346033175958515 0.03346033175958515 0.03346033175958515 0.03346033175958515 0.9831274933803932 1.016592510182711
78 468 0.03346033175958515 0.03346033175958515 0.03346033175958515 0.03346033175958515 0.9831274933803932 1.016592510182711
79 474 0.21998541608314195 0.21998541608314195 0.21998541608314195 0.21998541608314195 0.8831843431112544 1.1045294998700315
80 480 0.21998541608314195 0.21998541608314195 0.21998541608314195 0.21998541608314195 0.8831843431112544 1.1045294998700315
81 486 0.14147574928267728 0.14147574928267728 0.14147574928267728 0.14147574928267728 0.9265658372276211 1.0683986846129478
82 492 0.14147574928267728 0.14147574928267728 0.14147574928267728 0.14147574928267728 0.9265658372276211 1.0683986846129478
83 498 0.41315191499255843 0.41315191499255843 0.41315191499255843 0.41315191499255843 0.7660601053490785 1.1887606634611352
84 504 0.41315191499255843 0.41315191499255843 0.41315191499255843 0.41315191499255843 0.7660601053490785 1.1887606634611352
85 510 0.3176042222657247 0.3176042222657247 0.3176042222657247 0.3176042222657247 0.8260725014998838 1.1478694273591072
86 516 0.3176042222657247 0.3176042222657247 0.3176042222657247 0.3176042222657247 0.8260725014998838 1.1478694273591072
87 522 0.6655613860279257 0.6655613860279257 0.6655613860279257 0.6655613860279257 0.578306678132005 1.290566304390412
88 528 0.6655613860279257 0.6655613860279257 0.6655613860279257 0.6655613860279257 0.578306678132005 1.290566304390412
89 534 0.46854621375031835 0.46854621375031835 0.46854621375031835 0.46854621375031835 0.7290087696658262 1.2118358856504945
90 540 0.46854621375031835 0.46854621375031835 0.46854621375031835 0.46854621375031835 0.7290087696658262 1.2118358856504945
91 546 0.13976906130934325 0.13976906130934325 0.13976906130934325 0.13976906130934325 0.927486354988933 1.0675996727750263
92 552 0.13976906130934325 0.13976906130934325 0.13976906130934325 0.13976906130934325 0.927486354988933 1.0675996727750263
93 558 0.5453679230103949 0.5453679230103949 0.5453679230103949 0.5453679230103949 0.6742641003268712 1.2431282809953264
94 564 0.5453679230103949 0.5453679230103949 0.5453679230103949 0.5453679230103949 0.6742641003268712 1.2431282809953264
95 570 0.4503266262576671 0.4503266262576671 0.4503266262576671 0.4503266262576671 0.7413996046278503 1.2042950744139356
96 576 0.4503266262576671 0.4503266262576671 0.4503266262576671 0.4503266262576671 0.7413996046278503 1.2042950744139356
97 582 0.4449401772327864 0.4449401772327864 0.4449401772327864 0.4449401772327864 0.7450233706181395 1.202056644768784
97 582 0.4449401772327864 0.4449401772327864 0.4449401772327864 0.4449401772327864 0.7450233706181395 1.202056644768784
