% # columns="iteration, evaluation, sigma, max axis length,  min axis length, all principal axes lengths  (sorted square roots of eigenvalues of C)", seed=551176, Sun Jul 19 15:43:52 2026
1 6 1.015351728288185 1.0000250003125026 1.0 1.0 1.0000250003125026
2 12 0.8696926557877662 1.1232895076772964 0.8110289698157971 0.8110289698157971 1.1232895076772964
3 18 0.981414118293039 1.0930580934918157 0.6747194604371353 0.6747194604371353 1.0930580934918157
4 24 0.8392733942370989 1.2133501906485593 0.6421332444304554 0.6421332444304554 1.2133501906485593
5 30 0.7414962516576036 1.1397725955208806 0.529676730083106 0.529676730083106 1.1397725955208806
6 36 0.6294123790740098 1.044481413378645 0.4731598436615185 0.4731598436615185 1.044481413378645
7 42 0.5222455794880553 0.8447279406421304 0.4850043097190233 0.4850043097190233 0.8447279406421304
8 48 0.4723685302013153 0.7404034055512388 0.43863018726073677 0.43863018726073677 0.7404034055512388
9 54 0.5401279341285845 0.7538449062751005 0.3873966828011283 0.3873966828011283 0.7538449062751005
10 60 0.5179056943408679 0.8570664306361677 0.35183571741979935 0.35183571741979935 0.8570664306361677
11 66 0.40531052236879306 0.7873304968682927 0.32009013877852105 0.32009013877852105 0.7873304968682927
12 72 0.31054049450699306 0.7655125791818612 0.24901382549495507 0.24901382549495507 0.7655125791818612
13 78 0.2649631600591376 0.6619101110386876 0.22571828777988898 0.22571828777988898 0.6619101110386876
14 84 0.2633976040133104 0.6251760320159205 0.19402398034356472 0.19402398034356472 0.6251760320159205
15 90 0.24529652466805246 0.6229844910399954 0.17357972433002225 0.17357972433002225 0.6229844910399954
16 96 0.24959843145834348 0.6233217078026279 0.14183723202112974 0.14183723202112974 0.6233217078026279
17 102 0.2172753874784646 0.569440861045991 0.14162559359197552 0.14162559359197552 0.569440861045991
18 108 0.2456654239026629 0.4702346993671238 0.13413960075624137 0.13413960075624137 0.4702346993671238
19 114 0.28463690667372316 0.44385575125958465 0.13412478450358056 0.13412478450358056 0.44385575125958465
20 120 0.25469028230820334 0.427010872411257 0.1366804109514926 0.1366804109514926 0.427010872411257
21 126 0.2026729659909667 0.39665117826651575 0.1240634123354647 0.1240634123354647 0.39665117826651575
22 132 0.24965983702828096 0.34626134646696755 0.10856604058751676 0.10856604058751676 0.34626134646696755
23 138 0.22571259387605364 0.4364220035486852 0.0966097965490352 0.0966097965490352 0.4364220035486852
24 144 0.2485172696217827 0.4190905201343218 0.08001425109527999 0.08001425109527999 0.4190905201343218
25 150 0.31273124580247513 0.4320515899774068 0.07471004960815412 0.07471004960815412 0.4320515899774068
26 156 0.45198682930085154 0.3880544792847172 0.08923090238290406 0.08923090238290406 0.3880544792847172
27 162 0.6094706281557635 0.479863854533459 0.082371929757494 0.082371929757494 0.479863854533459
28 168 0.6021994284012634 0.4613818221077319 0.08981410832604268 0.08981410832604268 0.4613818221077319
29 174 0.6385832089591253 0.4131568302858284 0.0859558234308477 0.0859558234308477 0.4131568302858284
30 180 0.5537321244186506 0.404755333874304 0.09085689312473132 0.09085689312473132 0.404755333874304
31 186 0.5573048045100492 0.36987079459326744 0.08916785345144952 0.08916785345144952 0.36987079459326744
32 192 0.4537730758396705 0.40470243410689916 0.0753583348852922 0.0753583348852922 0.40470243410689916
33 198 0.45379276537722785 0.3872147696147922 0.05987052104778088 0.05987052104778088 0.3872147696147922
34 204 0.5103850795565645 0.3826922545495306 0.05746227602154175 0.05746227602154175 0.3826922545495306
35 210 0.5148005775611617 0.44937268597884916 0.04589804844742125 0.04589804844742125 0.44937268597884916
36 216 0.4490127224663056 0.4011507483622805 0.045737479169033084 0.045737479169033084 0.4011507483622805
37 222 0.35754760797259594 0.3406545194775204 0.045580465345851674 0.045580465345851674 0.3406545194775204
38 228 0.3363397073779392 0.3063317509050305 0.039732869648188146 0.039732869648188146 0.3063317509050305
39 234 0.33359782891389533 0.2566883134994266 0.040861257108801376 0.040861257108801376 0.2566883134994266
40 240 0.41479679760916705 0.24004626336929852 0.03964213355834618 0.03964213355834618 0.24004626336929852
41 246 0.4263400007696105 0.2791924874705908 0.03732049061224763 0.03732049061224763 0.2791924874705908
42 252 0.47479880432836113 0.2517502584301423 0.03623355610563755 0.03623355610563755 0.2517502584301423
43 258 0.48478241866970834 0.24751067831977017 0.03428370949059827 0.03428370949059827 0.24751067831977017
44 264 0.3772921997484471 0.25379727787268935 0.031568493527290194 0.031568493527290194 0.25379727787268935
45 270 0.47229310915355815 0.22409236309960087 0.02813706240663272 0.02813706240663272 0.22409236309960087
46 276 0.614459478473519 0.2570399059670121 0.028114545111973487 0.028114545111973487 0.2570399059670121
47 282 0.6557683920846585 0.2587153516506934 0.02770427992051959 0.02770427992051959 0.2587153516506934
48 288 0.6923978641005415 0.26247801814974436 0.02605990427845867 0.02605990427845867 0.26247801814974436
49 294 0.4987303436752614 0.262287421104777 0.02537505265060283 0.02537505265060283 0.262287421104777
50 300 0.5272912773131113 0.24965836025852972 0.020703757782645545 0.020703757782645545 0.24965836025852972
51 306 0.5786773093786499 0.23327016655361543 0.02135525614211395 0.02135525614211395 0.23327016655361543
52 312 0.49108390736580804 0.23972311705742202 0.020139551060602303 0.020139551060602303 0.23972311705742202
53 318 0.4373419304214779 0.21386335156141995 0.019684276253546403 0.019684276253546403 0.21386335156141995
54 324 0.36696531311629665 0.20551098489134714 0.01703493894014081 0.01703493894014081 0.20551098489134714
55 330 0.30913110942485217 0.18269236024857669 0.01538313599942476 0.01538313599942476 0.18269236024857669
56 336 0.32453254658618097 0.15034934405895134 0.014870239577288908 0.014870239577288908 0.15034934405895134
57 342 0.3180634236899754 0.14529768218333733 0.01499703770108861 0.01499703770108861 0.14529768218333733
58 348 0.23790946140403935 0.131703997652457 0.01462506941295761 0.01462506941295761 0.131703997652457
59 354 0.1823167960198362 0.10874797936685149 0.013726256722627915 0.013726256722627915 0.10874797936685149
60 360 0.15343786369520318 0.09527925925931226 0.01225868859769572 0.01225868859769572 0.09527925925931226
61 366 0.12256106332391821 0.07804835779928875 0.011946161580596611 0.011946161580596611 0.07804835779928875
62 372 0.11408823103378475 0.06861599708315333 0.010733097850431833 0.010733097850431833 0.06861599708315333
63 378 0.09672910258112266 0.06655952670166254 0.009269047757982278 0.009269047757982278 0.06655952670166254
64 384 0.08431389409621384 0.0657740846714405 0.0075952097333952945 0.0075952097333952945 0.0657740846714405
65 390 0.07541111389665485 0.06792733019679795 0.006342805530163814 0.006342805530163814 0.06792733019679795
66 396 0.07838656202278303 0.0632660656625108 0.005676848777160062 0.005676848777160062 0.0632660656625108
67 402 0.09249988488634922 0.06311719538105875 0.00543981249937587 0.00543981249937587 0.06311719538105875
68 408 0.11450318719087099 0.058773231439140684 0.006143724246028173 0.006143724246028173 0.058773231439140684
69 414 0.14439574301189645 0.049648338147940535 0.007278825205384533 0.007278825205384533 0.049648338147940535
70 420 0.18917720750079878 0.04265395010515248 0.008674462631243916 0.008674462631243916 0.04265395010515248
71 426 0.22037116547858865 0.04062913524443781 0.009610775114139146 0.009610775114139146 0.04062913524443781
72 432 0.2607080208177716 0.03929130250645238 0.009643755880159853 0.009643755880159853 0.03929130250645238
73 438 0.331926048294463 0.04444866039291035 0.008973133090388368 0.008973133090388368 0.04444866039291035
74 444 0.34336649311535916 0.041810689107563845 0.010892925577708096 0.010892925577708096 0.041810689107563845
75 450 0.33189071742347437 0.04098063126636088 0.009577812145078902 0.009577812145078902 0.04098063126636088
76 456 0.4243273197901547 0.03715204815117176 0.008770412542461394 0.008770412542461394 0.03715204815117176
77 462 0.5263325700647997 0.04331193823610516 0.008502757280269977 0.008502757280269977 0.04331193823610516
78 468 0.6296827529092552 0.03988394966644655 0.009221492438835495 0.009221492438835495 0.03988394966644655
79 474 0.7309803099816938 0.04717734380439561 0.007458243731460406 0.007458243731460406 0.04717734380439561
80 480 0.766775577974689 0.044879253027531624 0.007041265763890689 0.007041265763890689 0.044879253027531624
81 486 0.856392399526956 0.03707628345514218 0.007448880807171767 0.007448880807171767 0.03707628345514218
82 492 0.7129446159641931 0.03536591873709162 0.007682641172708112 0.007682641172708112 0.03536591873709162
83 498 0.6532146847688058 0.03366045707093676 0.006313197345731384 0.006313197345731384 0.03366045707093676
84 504 0.46510014279762313 0.029015339166600075 0.006771463920236116 0.006771463920236116 0.029015339166600075
85 510 0.3778794791474427 0.02684871104517048 0.005735559511103577 0.005735559511103577 0.02684871104517048
86 516 0.3066985755597814 0.023071678074529665 0.005205951754464581 0.005205951754464581 0.023071678074529665
87 522 0.2848366489463399 0.02063779672020056 0.004600988609606811 0.004600988609606811 0.02063779672020056
88 528 0.24188813449381064 0.019740468737488533 0.004174677529942038 0.004174677529942038 0.019740468737488533
89 534 0.19732768688060395 0.02027571402977012 0.003335981298268293 0.003335981298268293 0.02027571402977012
90 540 0.2259064455084305 0.017908086337566066 0.0029956601907386335 0.0029956601907386335 0.017908086337566066
91 546 0.19046377537886464 0.021353933253332034 0.002479764816526197 0.002479764816526197 0.021353933253332034
92 552 0.16516637342009236 0.01817229847156101 0.0024228086903602558 0.0024228086903602558 0.01817229847156101
93 558 0.1541973120070427 0.016121178728062343 0.0023222179348526472 0.0023222179348526472 0.016121178728062343
94 564 0.12115544569621126 0.013855805103258607 0.002264012628691637 0.002264012628691637 0.013855805103258607
95 570 0.13200736760076187 0.012464799191020054 0.0019684955110739247 0.0019684955110739247 0.012464799191020054
96 576 0.12172658289765789 0.011799497621485104 0.002204165222754282 0.002204165222754282 0.011799497621485104
97 582 0.0890481704457495 0.01212894454755622 0.0017893713623988268 0.0017893713623988268 0.01212894454755622
98 588 0.08304910917116952 0.010297901920065905 0.0016458789055277731 0.0016458789055277731 0.010297901920065905
99 594 0.06484601250459399 0.010115565874305798 0.0014385565233577015 0.0014385565233577015 0.010115565874305798
100 600 0.06459245019429927 0.009291538069967664 0.0012347697325279425 0.0012347697325279425 0.009291538069967664
101 606 0.055241937767405595 0.008413851917664335 0.0012128411259948156 0.0012128411259948156 0.008413851917664335
102 612 0.05681331581637569 0.008300919866473409 0.0009796734952825868 0.0009796734952825868 0.008300919866473409
103 618 0.04405860800055672 0.00779327409400914 0.0009518056626865996 0.0009518056626865996 0.00779327409400914
104 624 0.04172122416984464 0.0066855258321764895 0.000843901274222205 0.000843901274222205 0.0066855258321764895
105 630 0.033754336793468086 0.0060779282910429335 0.000843008215811505 0.000843008215811505 0.0060779282910429335
106 636 0.025151744710851597 0.005262874245958489 0.0007879644935465379 0.0007879644935465379 0.005262874245958489
107 642 0.02172398383279027 0.004575580626676961 0.0006868609169922244 0.0006868609169922244 0.004575580626676961
108 648 0.016109174352372448 0.004479112329269587 0.0005848864677271064 0.0005848864677271064 0.004479112329269587
109 654 0.012517875632673862 0.003794733551471786 0.000533512944197462 0.000533512944197462 0.003794733551471786
110 660 0.011334621230399014 0.0033028439966657046 0.0004874338342257628 0.0004874338342257628 0.0033028439966657046
111 666 0.01270994656008833 0.002980096393240367 0.00046140159883164964 0.00046140159883164964 0.002980096393240367
112 672 0.01134826154202101 0.0024557367323783767 0.0005560508947745786 0.0005560508947745786 0.0024557367323783767
113 678 0.010101677703666458 0.0020954904440013892 0.0005191487377664233 0.0005191487377664233 0.0020954904440013892
114 684 0.008157006770973746 0.0020447663062227667 0.00046267542254711645 0.00046267542254711645 0.0020447663062227667
115 690 0.00800836063443582 0.0018601437475669845 0.0004101786058233998 0.0004101786058233998 0.0018601437475669845
116 696 0.007329168236217047 0.001794118286144102 0.00038704986111285435 0.00038704986111285435 0.001794118286144102
117 702 0.007876754952720064 0.00163688031451853 0.0003635794713106883 0.0003635794713106883 0.00163688031451853
118 708 0.0057972219967102456 0.0017494005265123692 0.00032653227907114004 0.00032653227907114004 0.0017494005265123692
119 714 0.00567059614053906 0.001470569725401247 0.00029989133190671613 0.00029989133190671613 0.001470569725401247
120 720 0.005034699509416982 0.001407417098002682 0.00028111554591770174 0.00028111554591770174 0.001407417098002682
121 726 0.003639324721538513 0.0012265141182599317 0.0002847822814700188 0.0002847822814700188 0.0012265141182599317
122 732 0.003138679409875472 0.0010401980143789186 0.0002644112518159834 0.0002644112518159834 0.0010401980143789186
123 738 0.002638649284491772 0.000951039777469357 0.0002353927506416392 0.0002353927506416392 0.000951039777469357
124 744 0.002859044570887068 0.0008073311274329155 0.00022144453368367289 0.00022144453368367289 0.0008073311274329155
125 750 0.0038966502027425083 0.0007688557227075091 0.0002373430214994244 0.0002373430214994244 0.0007688557227075091
126 756 0.0039962083827073626 0.0010209042685422587 0.00020567738903230868 0.00020567738903230868 0.0010209042685422587
127 762 0.0034845294124123266 0.0010372525995443643 0.0001721158820655169 0.0001721158820655169 0.0010372525995443643
128 768 0.0029122850474297348 0.0010972654675823889 0.00014783679624281602 0.00014783679624281602 0.0010972654675823889
129 774 0.002406923933778136 0.0009193904385517222 0.00014421594991684606 0.00014421594991684606 0.0009193904385517222
130 780 0.001825055552320063 0.0007539445139194788 0.0001382911547481433 0.0001382911547481433 0.0007539445139194788
131 786 0.001925263419388117 0.0006540794357442114 0.00012413277625841876 0.00012413277625841876 0.0006540794357442114
132 792 0.001399334359375158 0.0005788188734913784 0.00013673252270539685 0.00013673252270539685 0.0005788188734913784
133 798 0.0010438007979390758 0.00048402504244012603 0.00012662936407214327 0.00012662936407214327 0.00048402504244012603
134 804 0.000817649851735635 0.00043445404787736405 0.00010901034056705252 0.00010901034056705252 0.00043445404787736405
135 810 0.0007510393929821712 0.00040737937483321663 9.106199595841222e-05 9.106199595841222e-05 0.00040737937483321663
136 816 0.0007003353669864757 0.00040204535233833274 7.861257061937914e-05 7.861257061937914e-05 0.00040204535233833274
137 822 0.0006561527743099073 0.00042030512490878893 6.760454766124129e-05 6.760454766124129e-05 0.00042030512490878893
138 828 0.0006083115434328934 0.00038638155189242183 6.455202723675234e-05 6.455202723675234e-05 0.00038638155189242183
139 834 0.0004932816256245409 0.00036329972411952815 5.925615459536999e-05 5.925615459536999e-05 0.00036329972411952815
140 840 0.0003610253147961515 0.00031890301347305643 5.259920122503187e-05 5.259920122503187e-05 0.00031890301347305643
141 846 0.0003220861917136185 0.0002792316380538972 4.6317856199221816e-05 4.6317856199221816e-05 0.0002792316380538972
142 852 0.0003222466798175558 0.00027342818490805196 4.010512168243833e-05 4.010512168243833e-05 0.00027342818490805196
143 858 0.0003479838037360684 0.0002975907467139488 3.3702206086659596e-05 3.3702206086659596e-05 0.0002975907467139488
144 864 0.0002602248428507878 0.0003111263550840883 3.084471335362438e-05 3.084471335362438e-05 0.0003111263550840883
145 870 0.0002116045420156288 0.00027637450990138714 2.6255795987903993e-05 2.6255795987903993e-05 0.00027637450990138714
146 876 0.00022027496149031958 0.0002542328615923479 2.2915398863399394e-05 2.2915398863399394e-05 0.0002542328615923479
147 882 0.00018522155091769965 0.00024664148952023725 2.2921464868040312e-05 2.2921464868040312e-05 0.00024664148952023725
147 882 0.00018522155091769965 0.00024664148952023725 2.2921464868040312e-05 2.2921464868040312e-05 0.00024664148952023725
