% # columns="iteration, evaluation, sigma, axis ratio, bestever, best, median, worst objective function value, interquartile range, further/more values", seed=641414, Sun Jul 19 15:41:43 2026, <python>{}</python>
1 6 0.9802398615928783 1.0000250003125026 0.2730367791592675 2.7303677915926750e-01 6.260687940963955 59.64428468554729 53.57988382801227   
2 12 0.7979989743497614 1.215368775892924 0.2730367791592675 2.0187571816225307e+00 35.695770463944264 61.36154283795678 44.6330571265027   
3 18 0.5925739333323962 1.224105526543143 0.24791374645536646 2.4791374645536646e-01 3.3919080726393673 26.01895410476925 24.25941584550899   
4 24 0.42749687383331214 1.5419588650295615 0.24791374645536646 3.2814737687511606e+00 10.422279461153302 67.3610949569909 21.24789343856503   
5 30 0.42186204834174024 1.7130575441167037 0.24791374645536646 5.8239792984241257e-01 2.142095722150289 18.475942377141273 14.686788003366892   
6 36 0.3840723574959088 2.302953693673059 0.24791374645536646 8.0307300175885665e-01 1.9974641996892952 6.5812740955616205 3.8382796772264625   
7 42 0.33022175457712727 2.0491261383077415 0.24791374645536646 3.7348369939743198e-01 0.9273152186826265 4.123684224272906 1.6023808311509062   
8 48 0.2752493106841831 2.5236922669865534 0.24791374645536646 4.9149586475433366e-01 2.1935071324732376 2.7621488849352467 1.926430960214251   
9 54 0.4144646869701561 3.3204018724939273 0.24791374645536646 3.4822655740365982e-01 0.574927930528103 0.7878465689081354 0.3306500040625783   
10 60 0.666829665013819 3.5642090915997096 0.12091304618126167 1.2091304618126167e-01 0.3266095698815916 6.663245113777896 0.22397902447290352   
11 66 0.6897559082645648 4.003456057597044 0.08863149311717315 8.8631493117173152e-02 0.4583011375037386 0.689817397163862 0.526320335262388   
12 72 0.774780232610639 3.6864695833810197 0.08863149311717315 8.0575937539008979e-01 3.4422392458840343 38.938282728124236 2.102734103668088   
13 78 0.6632367989536477 4.317702116256525 0.08863149311717315 1.7853805117511978e-01 2.5565038922639185 8.685631069423405 1.6952195093694542   
14 84 0.5043959390856773 5.23959288982386 0.08863149311717315 1.9793963830648559e-01 1.3222150543801177 32.9464544239281 1.1669164193496477   
15 90 0.6196589277477644 5.35864032589882 0.07891170557886934 7.8911705578869340e-02 0.39567204525680477 2.0811345968558084 1.9053004916488918   
16 96 0.48921533172467024 8.379891732649336 0.07891170557886934 4.0114659215236292e-01 15.58143129409811 29.943400870920698 16.97848798684843   
17 102 0.3901756423931136 7.998144546918594 0.07891170557886934 1.1550416013953266e-01 1.0028667733233645 2.7514482193159377 1.2552976924035975   
18 108 0.359675382016305 9.782323008695874 0.06676490330040775 6.6764903300407755e-02 0.34637893231477795 0.6499001333564837 0.29895312985790534   
19 114 0.3134229728171244 9.66258300109561 0.06115827190294242 6.1158271902942422e-02 0.5249086640710148 12.568855722534117 0.6351738397794138   
20 120 0.33169399624814 8.550686746058194 0.06115827190294242 1.3742474259066906e-01 0.17220313643335367 1.8879126150360972 0.18795975726870318   
21 126 0.29947269056269554 7.250457700919455 0.06115827190294242 1.1555760924192164e-01 0.24419429638736562 0.45005564201376697 0.13259789229643273   
22 132 0.2997513191169986 6.7408215508333935 0.06115827190294242 1.4039647406789027e-01 0.24577305923327625 0.3840887525188387 0.18028992498549454   
23 138 0.4021103268378702 5.57521370168445 0.06115827190294242 1.0064807245125498e-01 0.12209675308692579 0.13777635663287865 0.007968231843103885   
24 144 0.33976788190369817 7.303487031144009 0.06115827190294242 7.6863098582600223e-02 0.6834859471148027 2.4781874566696938 0.567039617436487   
25 150 0.3056576664632085 6.756136456867303 0.04436802894748718 4.4368028947487183e-02 0.15581016614545817 1.4534067869196217 0.14401685632645256   
26 156 0.24705282920888447 6.807151650538079 0.04436802894748718 6.2624778520316823e-02 0.11339610337296727 1.9934001092108316 0.1303032366938836   
27 162 0.21455426468238206 5.866216415677683 0.043359392400414774 4.3359392400414774e-02 0.07586570254912267 0.22236651104477811 0.07926077949338994   
28 168 0.20868949522298125 4.866601004186873 0.043359392400414774 4.7406024248212150e-02 0.0661456832075927 0.3182907387158258 0.04704923195429498   
29 174 0.19147315777844096 4.370749191616222 0.043359392400414774 5.0684725542101405e-02 0.06517240167506988 0.0764290740715278 0.016784271379232142   
30 180 0.19886181639800152 3.768996083818285 0.04102312452196712 4.1023124521967123e-02 0.0639668012102087 0.08296942358093448 0.02637130630288676   
31 186 0.19758968698060148 3.8396703129009055 0.04102312452196712 4.3761614068044366e-02 0.0652001756856802 0.3874963546700648 0.09732439114790148   
32 192 0.25860701693095955 3.621696903944621 0.04001207583215714 4.0012075832157143e-02 0.05453617170060758 0.1604122059586986 0.07341718607238631   
33 198 0.19570563181189113 4.2191276432353195 0.04001207583215714 4.3244432858732043e-02 0.07808767587458827 0.17841625869570193 0.12295947888840691   
34 204 0.17021973028042522 3.9557527235638203 0.04001207583215714 4.4225648878027768e-02 0.046822639477289325 0.05689878575478348 0.003485361049394675   
35 210 0.12596000060811505 3.8563568088059483 0.04001207583215714 4.2358711310041555e-02 0.049233873512650295 0.05584157277932687 0.007157295509739758   
36 216 0.11525737938998466 3.7783037927399308 0.04001207583215714 4.1686357562503273e-02 0.046821768935171384 0.04894427604725351 0.00493442596541676   
37 222 0.11148153501182553 4.166631202659848 0.04001207583215714 4.1633598637043225e-02 0.04357592255248514 0.047973073092420306 0.001992883708626436   
38 228 0.1146487683323262 4.268197147543222 0.04001207583215714 4.1120296255682504e-02 0.0441855538599838 0.04475766905638554 0.002975878683489558   
39 234 0.2031064980054234 3.2596987912844386 0.04001207583215714 4.0031310873824215e-02 0.04173177586604473 0.04398809597448269 0.002479841765913482   
40 240 0.20772038641809173 3.1065531149061676 0.04001207583215714 4.0281624215056509e-02 0.04791638380562708 0.05829640668663125 0.00887263275522035   
41 246 0.14930671999504352 3.628854573846284 0.04001207583215714 4.0014268629834274e-02 0.04711734269956734 0.057143119886368596 0.013694144495060775   
42 252 0.1231403751642072 3.436567246013635 0.04001207583215714 4.0433524419715622e-02 0.04200352731660107 0.04314031726443291 0.0022367910559056986   
43 258 0.14407090487398025 4.0218772343334335 0.04001207583215714 4.0015067472908630e-02 0.040421734211363296 0.0418930976794655 0.000382851331680506   
44 264 0.12162077736805177 5.211657928279663 0.04001207583215714 4.0400362696804117e-02 0.04124144330940907 0.05205315294886837 0.0009170460422172275   
45 270 0.1062293269609802 5.0803935242138545 0.04001207583215714 4.0125528058802679e-02 0.04137713635053967 0.042066887326653514 0.0013798030080222554   
46 276 0.09695071449373775 6.78685037827509 0.04000410735035333 4.0004107350353327e-02 0.040674726610549834 0.041447968756530465 0.0012171479618590317   
47 282 0.09036750087115873 6.29114863050785 0.04000410735035333 4.0101998960730967e-02 0.040590028516950906 0.040884008388626415 0.0005472469632164523   
48 288 0.07814066312242741 5.117001382851259 0.04000410735035333 4.0108384588840550e-02 0.040454662839813506 0.04118719638120063 0.0004933316284123149   
49 294 0.06437716113114472 5.370153265667883 0.04000410735035333 4.0059232688520435e-02 0.0403151834925225 0.0408766959903312 0.0003068664152885425   
50 300 0.06615370475159835 4.881765656330027 0.04000410735035333 4.0027085133902976e-02 0.04015009053240524 0.040251804880105 0.00018965699064295294   
51 306 0.05846135408862907 5.175611647276172 0.04000410735035333 4.0018870152293474e-02 0.04008101093952871 0.04044616991162293 8.040284203204157e-05   
52 312 0.06812930363826793 5.956988352259156 0.040000503471452266 4.0000503471452266e-02 0.040028048665936615 0.04005661434480761 1.641249524512306e-05   
53 318 0.053580524407422905 5.435309948624932 0.040000503471452266 4.0017276708319477e-02 0.04005793410673757 0.040082337906463206 4.503346871726627e-05   
54 324 0.04548833881127316 4.944157622485863 0.040000503471452266 4.0012307778370115e-02 0.0400714800062005 0.04012660558717513 4.1640100737989905e-05   
55 330 0.03493649083450742 6.158816843275962 0.040000503471452266 4.0021134177647383e-02 0.04004909085430968 0.040053164656207 1.5286381234498603e-05   
56 336 0.038117142629799095 6.171823700470242 0.040000503471452266 4.0023742555498586e-02 0.040034646004992576 0.04003947925799797 1.1235574741960686e-05   
57 342 0.05125775940840639 7.105380603554833 0.040000503471452266 4.0002982292163869e-02 0.040018709218464475 0.04004683645172992 2.8004742910717195e-05   
58 348 0.04581660486734652 9.968315618722887 0.040000503471452266 4.0000725810050458e-02 0.040015763202364135 0.04003437746362608 1.6589140983507e-05   
59 354 0.03861528098628017 9.14288586416572 0.040000503471452266 4.0001492337747274e-02 0.04002206848000265 0.0400285972470266 1.975459938114571e-05   
60 360 0.03639972851490773 9.549849829271672 0.040000503471452266 4.0000954673871388e-02 0.040008142792278996 0.040031071141891604 1.1285474954915442e-05   
61 366 0.028299187026201208 8.102407477317145 0.04000037909390563 4.0000379093905629e-02 0.04001733295765237 0.04002958048057009 2.1543644747809565e-05   
62 372 0.02205272336224339 8.189212719669028 0.04000037909390563 4.0000897142505328e-02 0.040001280366207176 0.04001002964515746 4.709849350796602e-06   
63 378 0.019174736468173227 7.986924393410587 0.04000019264461643 4.0000192644616427e-02 0.040000730351153785 0.04000448002378146 2.6711056535372313e-06   
64 384 0.015285626566508528 8.274874816648845 0.04000007283880724 4.0000072838807237e-02 0.04000077960062473 0.04000278421340732 6.797309576450639e-07   
65 390 0.014479841080999405 7.441687047431443 0.04000007283880724 4.0000078563798662e-02 0.04000031721134909 0.040000499213906145 2.276077269089405e-07   
66 396 0.019111371306494134 6.679126791500323 0.04000007283880724 4.0000486453643173e-02 0.040000673041159535 0.040000938858600454 2.63208871295606e-07   
67 402 0.016469153363068832 4.415557223874888 0.04000007283880724 4.0000249262295791e-02 0.04000093739347591 0.0400046199335116 5.909813961188504e-07   
68 408 0.015005816120311356 4.002962499834618 0.04000002403950806 4.0000024039508059e-02 0.04000045456981319 0.040001808237257144 1.5205914884117155e-06   
69 414 0.010777360393505808 4.404681178328266 0.04000002403950806 4.0000024423949759e-02 0.040000325089637925 0.04000096681580907 1.9745129709036746e-07   
70 420 0.007615189821307051 5.25693635178579 0.04000002403950806 4.0000073354805522e-02 0.04000010733045144 0.04000036607677911 2.0545360635004783e-07   
71 426 0.0073353493432440605 4.554481754863244 0.04000000155932281 4.0000001559322811e-02 0.040000059919527216 0.04000012741496206 4.842584366837599e-08   
72 432 0.0062877371724442965 4.873905772571844 0.04000000155932281 4.0000004615584450e-02 0.04000001993116688 0.040000043701474836 1.1627810443670672e-08   
73 438 0.005313760172632311 5.631781290258114 0.04000000035246621 4.0000000352466210e-02 0.04000001983962296 0.040000033642839605 1.9045896838820742e-08   
74 444 0.005025985453020832 5.550089947864372 0.04000000035246621 4.0000006650874907e-02 0.040000009846251 0.04000002236492915 8.604614042118097e-09   
75 450 0.00400301959057537 4.9008990475701975 0.04000000035246621 4.0000007997113972e-02 0.04000003017356119 0.040000046585675034 1.997122958674602e-08   
76 456 0.003408703705778456 5.700797262385085 0.04000000035246621 4.0000006041909619e-02 0.04000001570199328 0.04000001782056249 1.1230232223324865e-08   
77 462 0.0032658942367705048 6.010354894915179 0.04000000035246621 4.0000005216069834e-02 0.040000008895731826 0.0400000152417969 9.250062542320858e-09   
78 468 0.0036489959188556157 6.583331904258188 0.04000000035246621 4.0000000849693428e-02 0.04000000786986491 0.04000001260395663 1.0460603473705365e-08   
79 474 0.003041250736937175 5.581546716666417 0.04000000035246621 4.0000000937660624e-02 0.04000000563788433 0.04000000721579509 4.576786144516731e-09   
80 480 0.0034310782191313786 5.114831676026164 0.04000000035246621 4.0000001344383966e-02 0.04000000311990337 0.04000000625444148 1.7156106049687203e-09   
81 486 0.0029405740646515303 3.6435544731822755 0.040000000040637515 4.0000000040637515e-02 0.04000000164487839 0.04000001426854956 1.1159196205978716e-09   
82 492 0.0030320719012149992 4.241404715318971 0.040000000040637515 4.0000000047604539e-02 0.040000000281434356 0.040000000934358924 6.158482057649906e-10   
83 498 0.00227397857040139 5.492612074706532 0.040000000040637515 4.0000000285724174e-02 0.04000000188831165 0.04000000564887595 1.2413485725448759e-09   
84 504 0.001976788715220999 5.581994126880415 0.040000000040637515 4.0000000111673040e-02 0.04000000076211336 0.040000002219397306 8.896383907330829e-10   
85 510 0.00177536011705742 5.421205695699125 0.040000000040637515 4.0000000092724829e-02 0.04000000043903878 0.04000000171149765 4.4794121190072644e-10   
86 516 0.001445520744153219 4.767052685647841 0.040000000040637515 4.0000000136648201e-02 0.040000000458423425 0.040000000916450076 3.2423416729265853e-10   
87 522 0.00132370573734732 5.453080684714877 0.04000000003063864 4.0000000030638638e-02 0.040000000298108955 0.04000000041791521 2.3733883608434425e-10   
88 528 0.0012544784440444874 5.399866294973002 0.04000000001310757 4.0000000013107571e-02 0.040000000092905934 0.04000000018333525 1.1182125364550544e-10   
89 534 0.0011891922654852002 4.501741264878625 0.04000000001310757 4.0000000036572475e-02 0.0400000000615108 0.04000000013722767 6.648788464236333e-11   
90 540 0.0011976564722525854 3.587509905969616 0.040000000001408416 4.0000000001408416e-02 0.040000000065399145 0.04000000023608384 5.6545136628560755e-11   
91 546 0.0009505873941840707 4.301472284103632 0.040000000001408416 4.0000000016828394e-02 0.04000000007196433 0.04000000013702021 7.147574893062725e-11   
92 552 0.0009500237017242439 4.796479526403572 0.040000000001408416 4.0000000001550379e-02 0.04000000001328958 0.040000000199203946 3.558114913815302e-11   
93 558 0.0008209059456076349 5.5974078993553755 0.040000000000133144 4.0000000000133144e-02 0.04000000001976199 0.040000000032107026 1.1977509262184327e-11   
94 564 0.0007313028395740775 6.513264773143649 0.040000000000133144 4.0000000004694905e-02 0.040000000022746514 0.04000000002986916 1.883931899371305e-11   
95 570 0.0006733268776750194 6.551868121996511 0.040000000000133144 4.0000000006186157e-02 0.04000000000816791 0.04000000003845411 4.3083314693603825e-12   
96 576 0.0005644827859550345 7.402218988542639 0.040000000000133144 4.0000000005376804e-02 0.04000000001308593 0.04000000002499696 1.0476161604877632e-11   
97 582 0.0004408649526584525 7.1161728285565 0.040000000000133144 4.0000000004604748e-02 0.04000000001011956 0.040000000023653275 3.99063421196999e-12   
98 588 0.0004321925690761569 6.028279852919515 0.040000000000133144 4.0000000002250326e-02 0.04000000000652194 0.04000000001143251 3.621734856462666e-12   
99 594 0.0005456649919829701 7.864784379780807 0.040000000000133144 4.0000000001676014e-02 0.04000000000321429 0.04000000001751892 4.2604669792112304e-12   
100 600 0.0005135925940386474 6.536962284404841 0.040000000000133144 4.0000000001311840e-02 0.04000000000289828 0.040000000003934916 1.3106182805699973e-12   
101 606 0.0004188303639294037 5.824404113536431 0.040000000000133144 4.0000000000432738e-02 0.04000000000230541 0.0400000000029808 1.043318209603683e-12   
102 612 0.0004220491895569527 6.338204786725351 0.040000000000088146 4.0000000000088146e-02 0.040000000000982985 0.040000000001630516 1.043914954479419e-12   
103 618 0.0003416041878441695 7.108929025571963 0.040000000000088146 4.0000000000256865e-02 0.04000000000074632 0.04000000000351289 4.4967501944270794e-13   
104 624 0.00028068060079811623 6.508207938815474 0.040000000000088146 4.0000000000300087e-02 0.040000000000717746 0.040000000001220906 5.548617121320376e-13   
105 630 0.00023783792250533904 5.660199510088743 0.04000000000006119 4.0000000000061188e-02 0.04000000000050535 0.04000000000081894 2.881653249353633e-13   
106 636 0.0002082311625318335 5.4201185483945915 0.04000000000006119 4.0000000000064047e-02 0.040000000000317816 0.04000000000068837 9.477835183346883e-14   
107 642 0.00015642415810238538 4.432572521852544 0.04000000000006119 4.0000000000075059e-02 0.04000000000020234 0.040000000000325026 8.65904570268583e-14   
108 648 0.0002754953614878437 4.054306569561499 0.040000000000026535 4.0000000000026535e-02 0.04000000000012959 0.04000000000043165 1.3431616929793222e-13   
109 654 0.0004068405131537911 4.533726639374279 0.040000000000026535 4.0000000000079895e-02 0.04000000000032621 0.04000000000038252 2.81379086697342e-13   
110 660 0.00031680816153053143 5.325281867740202 0.04000000000002034 4.0000000000020339e-02 0.04000000000016514 0.040000000000439094 2.041700142285663e-13   
111 666 0.00022856693733476304 5.334683673158057 0.04000000000002034 4.0000000000021338e-02 0.0400000000003148 0.04000000000078483 4.3354209111612363e-13   
