% # columns="iteration, evaluation, sigma, beta, void,  sigvec==sigma_vec.scaling factors from diagonal decoding", seed=631147, Sun Jul 19 16:55:09 2026, <python>{}</python>
1 6 1.0922317734866032 1 0 0.466467380774147 0.5716720708163806
2 12 1.8573359027347016 1 0 0.24519017172127044 0.3542868272296932
3 18 2.2535545182312937 1 0 0.21273157823436084 0.33158294413827866
4 24 2.6571841392585656 1 0 0.17942591168566852 0.26116347665615597
5 30 2.829368180584466 1 0 0.17732424846702372 0.26116347665615597
6 36 2.9798251128318203 1 0 0.17732424846702372 0.23802261754279397
7 42 3.6475732653959603 1 0 0.1489330394655319 0.16225205617742702
8 48 3.1783778403440097 1 0 0.1489330394655319 0.16225205617742702
9 54 2.4399419512561225 1 0 0.1489330394655319 0.16225205617742702
10 60 2.3299937193005533 1 0 0.1489330394655319 0.16225205617742702
11 66 2.400442502433817 1 0 0.1489330394655319 0.16225205617742702
12 72 2.2019841308856507 1 0 0.1489330394655319 0.16225205617742702
13 78 1.860942345160214 1 0 0.1489330394655319 0.16225205617742702
14 84 1.4204925680557057 1 0 0.1489330394655319 0.16225205617742702
15 90 1.4807423546184395 1 0 0.1489330394655319 0.16225205617742702
16 96 1.4924022767639131 1 0 0.1489330394655319 0.16225205617742702
17 102 1.196666576672204 1 0 0.1489330394655319 0.16225205617742702
18 108 1.1065784077376812 1 0 0.1489330394655319 0.16225205617742702
19 114 1.2218930236004806 1 0 0.1489330394655319 0.16225205617742702
20 120 0.9953191459456776 1 0 0.1489330394655319 0.16225205617742702
21 126 0.7558843230907809 1 0 0.1489330394655319 0.16225205617742702
22 132 0.5647599219381197 1 0 0.1489330394655319 0.16225205617742702
23 138 0.5077468902339833 1 0 0.1489330394655319 0.16225205617742702
24 144 0.5623858188696759 1 0 0.1489330394655319 0.16225205617742702
25 150 0.49028990610622875 1 0 0.1489330394655319 0.16225205617742702
26 156 0.4033606616425942 1 0 0.1489330394655319 0.16225205617742702
27 162 0.3483697056700875 1 0 0.1489330394655319 0.16225205617742702
28 168 0.2591358548842403 1 0 0.1489330394655319 0.16225205617742702
29 174 0.19021655383055433 1 0 0.1489330394655319 0.16225205617742702
30 180 0.18530465462059875 1 0 0.1489330394655319 0.16225205617742702
31 186 0.17900418154649222 1 0 0.1489330394655319 0.16225205617742702
32 192 0.1916763881831979 1 0 0.1489330394655319 0.16225205617742702
33 198 0.2183100063062689 1 0 0.1489330394655319 0.16225205617742702
34 204 0.1735935636519691 1 0 0.1489330394655319 0.16225205617742702
35 210 0.15082729673770834 1 0 0.1489330394655319 0.16225205617742702
36 216 0.184772030531321 1 0 0.1489330394655319 0.16225205617742702
37 222 0.18919426532952588 1 0 0.1489330394655319 0.16225205617742702
38 228 0.19451611329538884 1 0 0.1489330394655319 0.16225205617742702
39 234 0.20357275677035774 1 0 0.1489330394655319 0.16225205617742702
40 240 0.19670200078012226 1 0 0.1489330394655319 0.16225205617742702
41 246 0.18376990728337797 1 0 0.1489330394655319 0.16225205617742702
42 252 0.2574185530923907 1 0 0.1489330394655319 0.16225205617742702
43 258 0.24546813273092902 1 0 0.1489330394655319 0.16225205617742702
44 264 0.21391558908739713 1 0 0.1489330394655319 0.16225205617742702
45 270 0.2227253792758974 1 0 0.1489330394655319 0.16225205617742702
46 276 0.22648920823641305 1 0 0.1489330394655319 0.16225205617742702
47 282 0.20880179869968038 1 0 0.1489330394655319 0.16225205617742702
48 288 0.21479346981508635 1 0 0.1489330394655319 0.16225205617742702
49 294 0.2218725552858943 1 0 0.1489330394655319 0.16225205617742702
50 300 0.2748702423172277 1 0 0.1489330394655319 0.16225205617742702
51 306 0.3678673164770001 1 0 0.1489330394655319 0.16225205617742702
52 312 0.3611107761175898 1 0 0.1489330394655319 0.16225205617742702
53 318 0.3628346762527804 1 0 0.1489330394655319 0.16225205617742702
54 324 0.43382890954922204 1 0 0.1489330394655319 0.16225205617742702
55 330 0.599313629880875 1 0 0.1489330394655319 0.16225205617742702
56 336 0.6665675606485016 1 0 0.1489330394655319 0.16225205617742702
57 342 0.5313986931058247 1 0 0.1489330394655319 0.16225205617742702
58 348 0.44667117033152126 1 0 0.1489330394655319 0.16225205617742702
59 354 0.38570533600852774 1 0 0.1489330394655319 0.16225205617742702
60 360 0.3466276474496218 1 0 0.1489330394655319 0.16225205617742702
61 366 0.2984424492987293 1 0 0.1489330394655319 0.16225205617742702
62 372 0.2448656731542921 1 0 0.1489330394655319 0.16225205617742702
63 378 0.2592344555572155 1 0 0.1489330394655319 0.16225205617742702
64 384 0.2327607621000821 1 0 0.1489330394655319 0.16225205617742702
65 390 0.19532240000996162 1 0 0.1489330394655319 0.16225205617742702
66 396 0.15646213733007275 1 0 0.1489330394655319 0.16225205617742702
67 402 0.12164947873303737 1 0 0.1489330394655319 0.16225205617742702
68 408 0.10768434062005182 1 0 0.1489330394655319 0.16225205617742702
69 414 0.1140058459111345 1 0 0.1489330394655319 0.16225205617742702
70 420 0.09690048842349726 1 0 0.1489330394655319 0.16225205617742702
71 426 0.0724067158145858 1 0 0.1489330394655319 0.16225205617742702
72 432 0.058107809726714595 1 0 0.1489330394655319 0.16225205617742702
73 438 0.04856729959939959 1 0 0.1489330394655319 0.16225205617742702
74 444 0.05091306343451683 1 0 0.1489330394655319 0.16225205617742702
75 450 0.060411392292964834 1 0 0.1489330394655319 0.16225205617742702
76 456 0.05282174667723625 1 0 0.1489330394655319 0.16225205617742702
77 462 0.037724773641964776 1 0 0.1489330394655319 0.16225205617742702
78 468 0.03673037048069104 1 0 0.1489330394655319 0.16225205617742702
79 474 0.03212740618752535 1 0 0.1489330394655319 0.16225205617742702
80 480 0.03149573119877151 1 0 0.1489330394655319 0.16225205617742702
81 486 0.028412677032403143 1 0 0.1489330394655319 0.16225205617742702
82 492 0.030433190316974546 1 0 0.1489330394655319 0.16225205617742702
83 498 0.02463432408509723 1 0 0.1489330394655319 0.16225205617742702
84 504 0.02010102167914202 1 0 0.1489330394655319 0.16225205617742702
85 510 0.016439148255744454 1 0 0.1489330394655319 0.16225205617742702
86 516 0.013477753767120546 1 0 0.1489330394655319 0.16225205617742702
87 522 0.013143491453906307 1 0 0.1489330394655319 0.16225205617742702
88 528 0.013059564542660149 1 0 0.1489330394655319 0.16225205617742702
89 534 0.010102976598520897 1 0 0.1489330394655319 0.16225205617742702
90 540 0.0080287315229359 1 0 0.1489330394655319 0.16225205617742702
91 546 0.006301197901833172 1 0 0.1489330394655319 0.16225205617742702
92 552 0.005869689779227335 1 0 0.1489330394655319 0.16225205617742702
93 558 0.005296451290073659 1 0 0.1489330394655319 0.16225205617742702
94 564 0.00417406551939391 1 0 0.1489330394655319 0.16225205617742702
95 570 0.005355159148067823 1 0 0.1489330394655319 0.16225205617742702
96 576 0.004641281876421996 1 0 0.1489330394655319 0.16225205617742702
97 582 0.00412575397992332 1 0 0.1489330394655319 0.16225205617742702
98 588 0.003346588833584643 1 0 0.1489330394655319 0.16225205617742702
99 594 0.003373685807071702 1 0 0.1489330394655319 0.16225205617742702
100 600 0.0027906983728536432 1 0 0.1489330394655319 0.16225205617742702
101 606 0.0024652105001821602 1 0 0.1489330394655319 0.16225205617742702
102 612 0.002020737167780185 1 0 0.1489330394655319 0.16225205617742702
103 618 0.00183903434658421 1 0 0.1489330394655319 0.16225205617742702
104 624 0.0016517510618918657 1 0 0.1489330394655319 0.16225205617742702
105 630 0.001862134110607337 1 0 0.1489330394655319 0.16225205617742702
106 636 0.0017172188094273714 1 0 0.1489330394655319 0.16225205617742702
107 642 0.0014914219795620273 1 0 0.1489330394655319 0.16225205617742702
108 648 0.0014962646362124917 1 0 0.1489330394655319 0.16225205617742702
109 654 0.0014096425907223961 1 0 0.1489330394655319 0.16225205617742702
110 660 0.001183775179388905 1 0 0.1489330394655319 0.16225205617742702
111 666 0.0011105468374305778 1 0 0.1489330394655319 0.16225205617742702
112 672 0.0011429198858188155 1 0 0.1489330394655319 0.16225205617742702
113 678 0.001074626766306989 1 0 0.1489330394655319 0.16225205617742702
114 684 0.0009378100747568194 1 0 0.1489330394655319 0.16225205617742702
114 684 0.0009378100747568194 1 0 0.1489330394655319 0.16225205617742702
