% # columns="iteration, evaluation, sigma, void, void,  stds==sigma*sigma_vec.scaling*sqrt(diag(C))", seed=631147, Sun Jul 19 16:55:09 2026, <python>{}</python>
1 6 1.0922317734866032 0 0 0.6 0.6
2 12 1.8573359027347016 0 0 0.6 0.5999999999999999
3 18 2.2535545182312937 0 0 0.6 0.5999999999999999
4 24 2.6571841392585656 0 0 0.6 0.6000000000000001
5 30 2.829368180584466 0 0 0.6 0.5904732629777271
6 36 2.9798251128318203 0 0 0.5829631162576311 0.6000000000000001
7 42 3.6475732653959603 0 0 0.6 0.5999999999999999
8 48 3.1783778403440097 0 0 0.42683128822003796 0.46957138320861835
9 54 2.4399419512561225 0 0 0.27445158004513326 0.33586767436573867
10 60 2.3299937193005533 0 0 0.2543424530978844 0.3106829020379769
11 66 2.400442502433817 0 0 0.28874567919774774 0.3078859132947144
12 72 2.2019841308856507 0 0 0.295916306640308 0.2564521086704158
13 78 1.860942345160214 0 0 0.21434145678277597 0.20296384084896885
14 84 1.4204925680557057 0 0 0.14409659339597664 0.14147353021339215
15 90 1.4807423546184395 0 0 0.15747470833264585 0.1555065808528708
16 96 1.4924022767639131 0 0 0.16639364624195596 0.14194905875574407
17 102 1.196666576672204 0 0 0.12601542305043884 0.11053961157167976
18 108 1.1065784077376812 0 0 0.11183062673290643 0.0991668360694117
19 114 1.2218930236004806 0 0 0.1447709338666313 0.12768633810147878
20 120 0.9953191459456776 0 0 0.0927921310143323 0.0829455822451714
21 126 0.7558843230907809 0 0 0.057865599765341384 0.05096402284473452
22 132 0.5647599219381197 0 0 0.036610748848438505 0.029926356523958017
23 138 0.5077468902339833 0 0 0.03258543553996378 0.02517002423544602
24 144 0.5623858188696759 0 0 0.034827743662947136 0.025032082212702915
25 150 0.49028990610622875 0 0 0.02708620964265291 0.019615183508376894
26 156 0.4033606616425942 0 0 0.01948416156366311 0.014853933943439033
27 162 0.3483697056700875 0 0 0.013710967433853772 0.011575905588289949
28 168 0.2591358548842403 0 0 0.00909924737451813 0.006828846968389455
29 174 0.19021655383055433 0 0 0.0052122459210654365 0.00466748000604665
30 180 0.18530465462059875 0 0 0.004908188841173477 0.00377520335945192
31 186 0.17900418154649222 0 0 0.004859807516938031 0.0029748167925206476
32 192 0.1916763881831979 0 0 0.004744113124057292 0.00308397612312699
33 198 0.2183100063062689 0 0 0.005025844487566088 0.003842212473621572
34 204 0.1735935636519691 0 0 0.003256350656205293 0.002856714854954125
35 210 0.15082729673770834 0 0 0.00238936638746066 0.00247791233116871
36 216 0.184772030531321 0 0 0.003490883451326508 0.0034149919383609476
37 222 0.18919426532952588 0 0 0.0034214478769128876 0.0037367435648554574
38 228 0.19451611329538884 0 0 0.0034924332396754 0.003698369008190962
39 234 0.20357275677035774 0 0 0.0037973058445692504 0.00345665228962009
40 240 0.19670200078012226 0 0 0.003137578733321678 0.0031699676990370644
41 246 0.18376990728337797 0 0 0.002834712959140273 0.002932559829012081
42 252 0.2574185530923907 0 0 0.004722161876954689 0.0036377824951560186
43 258 0.24546813273092902 0 0 0.004308485660920318 0.003314804370915407
44 264 0.21391558908739713 0 0 0.0034716235420824207 0.0024998274793213014
45 270 0.2227253792758974 0 0 0.0038493838507108772 0.00279333249698779
46 276 0.22648920823641305 0 0 0.0035773875479640058 0.0024835120429880096
47 282 0.20880179869968038 0 0 0.0030971055870030123 0.00186802423284566
48 288 0.21479346981508635 0 0 0.0031085755110657983 0.001819426062962206
49 294 0.2218725552858943 0 0 0.0030447864571960617 0.001584204537650351
50 300 0.2748702423172277 0 0 0.004526197416444203 0.0021937852964242933
51 306 0.3678673164770001 0 0 0.005991604664227465 0.0026316532029201905
52 312 0.3611107761175898 0 0 0.004889832740833267 0.0022346983504562537
53 318 0.3628346762527804 0 0 0.005113051611210732 0.0021413122951888094
54 324 0.43382890954922204 0 0 0.006652029582907715 0.0021865334577136583
55 330 0.599313629880875 0 0 0.010424610927246544 0.0025450381856770583
56 336 0.6665675606485016 0 0 0.012496403895143601 0.002599805464321094
57 342 0.5313986931058247 0 0 0.008106382817148932 0.0018524502763677668
58 348 0.44667117033152126 0 0 0.005737874024613532 0.0014000717626429392
59 354 0.38570533600852774 0 0 0.0042972737293725865 0.001019237870242556
60 360 0.3466276474496218 0 0 0.003641770820148206 0.0007710102344933475
61 366 0.2984424492987293 0 0 0.0027903725211137352 0.0006043355731843769
62 372 0.2448656731542921 0 0 0.0017787544526720867 0.00047970737697585185
63 378 0.2592344555572155 0 0 0.0021760951975118925 0.0004873587342834724
64 384 0.2327607621000821 0 0 0.0017892541303563235 0.0003718480567044892
65 390 0.19532240000996162 0 0 0.0014362465348932388 0.00026238030277647614
66 396 0.15646213733007275 0 0 0.0010269813377546304 0.00017035707461806273
67 402 0.12164947873303737 0 0 0.0007748647670494194 0.00010711165487509997
68 408 0.10768434062005182 0 0 0.000623865847938102 8.945541887016677e-05
69 414 0.1140058459111345 0 0 0.0006381846397882827 9.21249712018728e-05
70 420 0.09690048842349726 0 0 0.000471597855303529 7.136333350169599e-05
71 426 0.0724067158145858 0 0 0.00033835840260222226 4.2832456052815926e-05
72 432 0.058107809726714595 0 0 0.0002529348629025378 2.9773162940371195e-05
73 438 0.04856729959939959 0 0 0.00018899046983323722 2.2517392522170056e-05
74 444 0.05091306343451683 0 0 0.0001856693783578458 2.5509158160026907e-05
75 450 0.060411392292964834 0 0 0.0001919747056274245 3.641288142194436e-05
76 456 0.05282174667723625 0 0 0.00016471662643412804 2.767756004281769e-05
77 462 0.037724773641964776 0 0 0.00011157683646583639 1.6906500061757787e-05
78 468 0.03673037048069104 0 0 9.77882334077642e-05 1.584612385659274e-05
79 474 0.03212740618752535 0 0 7.884034419258685e-05 1.2908554735298501e-05
80 480 0.03149573119877151 0 0 7.079528682162202e-05 1.3092293679625597e-05
81 486 0.028412677032403143 0 0 5.8739202316994675e-05 1.0430593877611779e-05
82 492 0.030433190316974546 0 0 7.306877911788055e-05 8.765452326642899e-06
83 498 0.02463432408509723 0 0 5.1912107966216486e-05 6.800938237955409e-06
84 504 0.02010102167914202 0 0 3.961164628340501e-05 4.756449340067165e-06
85 510 0.016439148255744454 0 0 3.1940301454649345e-05 3.1157187167734823e-06
86 516 0.013477753767120546 0 0 2.290029697464419e-05 2.3587082448843577e-06
87 522 0.013143491453906307 0 0 1.7554862344927364e-05 2.6016016303456203e-06
88 528 0.013059564542660149 0 0 1.752290732499864e-05 2.2962383930413847e-06
89 534 0.010102976598520897 0 0 1.213157059559834e-05 1.540345109008069e-06
90 540 0.0080287315229359 0 0 9.167457529082199e-06 1.0025825442061462e-06
91 546 0.006301197901833172 0 0 6.1543880313723025e-06 7.189760327368159e-07
92 552 0.005869689779227335 0 0 5.157791558334341e-06 6.648979020039223e-07
93 558 0.005296451290073659 0 0 4.4412298179668915e-06 5.241991960054206e-07
94 564 0.00417406551939391 0 0 2.7618387298519226e-06 4.031347529166412e-07
95 570 0.005355159148067823 0 0 4.802093358859758e-06 4.296923108230352e-07
96 576 0.004641281876421996 0 0 4.026166294628399e-06 2.9786566908766173e-07
97 582 0.00412575397992332 0 0 3.1084350572518603e-06 2.508624603746077e-07
98 588 0.003346588833584643 0 0 2.4590715266387964e-06 1.583651020211326e-07
99 594 0.003373685807071702 0 0 2.0351661270629795e-06 1.7699236099752027e-07
100 600 0.0027906983728536432 0 0 1.4418584420550234e-06 1.3778321623581503e-07
101 606 0.0024652105001821602 0 0 1.2312858416396343e-06 1.0687057751515971e-07
102 612 0.002020737167780185 0 0 8.986083711637307e-07 7.966121052436183e-08
103 618 0.00183903434658421 0 0 6.822658184080023e-07 7.292540991125908e-08
104 624 0.0016517510618918657 0 0 5.260357413054204e-07 6.074330282749754e-08
105 630 0.001862134110607337 0 0 7.168951800361872e-07 5.693631179224992e-08
106 636 0.0017172188094273714 0 0 5.505775004788945e-07 5.1468664236444226e-08
107 642 0.0014914219795620273 0 0 3.8813474757122937e-07 4.440238526981755e-08
108 648 0.0014962646362124917 0 0 3.719477263062315e-07 4.5023972063374824e-08
109 654 0.0014096425907223961 0 0 3.190428113231661e-07 4.2621813478931526e-08
110 660 0.001183775179388905 0 0 2.6476477655915086e-07 2.9127575850357818e-08
111 666 0.0011105468374305778 0 0 2.4808135629965414e-07 2.372338608452595e-08
112 672 0.0011429198858188155 0 0 2.731801087944682e-07 2.278638041588234e-08
113 678 0.001074626766306989 0 0 2.252677189771558e-07 2.0360812040194684e-08
114 684 0.0009378100747568194 0 0 1.791059913982935e-07 1.6342286482208492e-08
114 684 0.0009378100747568194 0 0 1.791059913982935e-07 1.6342286482208492e-08
