% # columns="iter, evals, sigma, 0, fitness, xbest" seed=641414, Sun Jul 19 15:41:43 2026, <python>{}</python>
1 6 0.9802398615928783 0 0.2730367791592675 0.6338221108451193 0.3644543991097712
2 12 0.7979989743497614 0 2.0187571816225307 0.3788787512641777 0.01576156667006856
3 18 0.5925739333323962 0 0.24791374645536646 0.5476065452168482 0.2790753543412083
4 24 0.42749687383331214 0 3.2814737687511606 0.43099113275285783 0.3577330843211588
5 30 0.42186204834174024 0 0.5823979298424126 0.35870130958820234 0.08729829384141749
6 36 0.3840723574959088 0 0.8030730017588567 0.2587362151873299 0.11730324189131475
7 42 0.33022175457712727 0 0.373483699397432 0.4475161693537413 0.1741469173107591
8 48 0.2752493106841831 0 0.49149586475433366 0.2996686030551716 0.09301343480301753
9 54 0.4144646869701561 0 0.3482265574036598 0.5962311883832205 0.31245707363400876
10 60 0.666829665013819 0 0.12091304618126167 0.7882288942698253 0.5937247163465773
11 66 0.6897559082645648 0 0.08863149311717315 0.7224102744138543 0.5326355252337575
12 72 0.774780232610639 0 0.8057593753900898 0.12204701913036176 0.033592517097152164
13 78 0.6632367989536477 0 0.17853805117511978 0.5804755407676446 0.3419889947625469
14 84 0.5043959390856773 0 0.1979396383064856 0.622661230802916 0.41127713595757903
15 90 0.6196589277477644 0 0.07891170557886934 0.7820982173925143 0.5939489672395559
16 96 0.48921533172467024 0 0.4011465921523629 0.38289316836854964 0.1323503377423525
17 102 0.3901756423931136 0 0.11550416013953266 0.7144134960348217 0.4919626076859014
18 108 0.359675382016305 0 0.06676490330040775 0.7671822331378279 0.577361085485791
19 114 0.3134229728171244 0 0.06115827190294242 0.7663970883292568 0.5792478772832685
20 120 0.33169399624814 0 0.13742474259066906 0.647111181557892 0.40739760745237974
21 126 0.29947269056269554 0 0.11555760924192164 0.6997199328899729 0.5055420644815648
22 132 0.2997513191169986 0 0.14039647406789027 0.7060993446969852 0.47533432277095283
23 138 0.4021103268378702 0 0.10064807245125498 0.7969829558989782 0.6108031215567536
24 144 0.33976788190369817 0 0.07686309858260022 0.7720224992281253 0.5802423779708323
25 150 0.3056576664632085 0 0.04436802894748718 0.7979899036147418 0.6427544178480414
26 156 0.24705282920888447 0 0.06262477852031682 0.7886721744767804 0.6086003183951918
27 162 0.21455426468238206 0 0.043359392400414774 0.7917893322472139 0.6266526735729615
28 168 0.20868949522298125 0 0.04740602424821215 0.7824653794954048 0.6131724674694552
29 174 0.19147315777844096 0 0.050684725542101405 0.7748692788178355 0.6005164163870862
30 180 0.19886181639800152 0 0.04102312452196712 0.7976057694195429 0.6369476208368011
31 186 0.19758968698060148 0 0.043761614068044366 0.7964211632164919 0.6294728648172693
32 192 0.25860701693095955 0 0.04001207583215714 0.799993368041172 0.640296358039301
33 198 0.19570563181189113 0 0.04324443285873204 0.79299997147671 0.6308374744378246
34 204 0.17021973028042522 0 0.04422564887802777 0.7933943827277422 0.6333986340433763
35 210 0.12596000060811505 0 0.042358711310041555 0.7943321153391157 0.6317344344175815
36 216 0.11525737938998466 0 0.04168635756250327 0.7973841317531977 0.6333051715981387
37 222 0.11148153501182553 0 0.041633598637043225 0.7974689978095535 0.6384363019910206
38 228 0.1146487683323262 0 0.041120296255682504 0.7982974418785429 0.6351898483073333
39 234 0.2031064980054234 0 0.040031310873824215 0.7999813277535748 0.6394818458729805
40 240 0.20772038641809173 0 0.04028162421505651 0.7999993399684626 0.6383215644401274
41 246 0.14930671999504352 0 0.040014268629834274 0.799982072994202 0.6402377285633849
42 252 0.1231403751642072 0 0.04043352441971562 0.7992707898230748 0.6376450625193574
43 258 0.14407090487398025 0 0.04001506747290863 0.799994749860521 0.6396314971863417
44 264 0.12162077736805177 0 0.04040036269680412 0.7990698027292431 0.6379889226526014
45 270 0.1062293269609802 0 0.04012552805880268 0.7999774462992817 0.6410432943624184
46 276 0.09695071449373775 0 0.04000410735035333 0.7999907977350768 0.6400505726859902
47 282 0.09036750087115873 0 0.04010199896073097 0.7999315294585562 0.6407541997940496
48 288 0.07814066312242741 0 0.04010838458884055 0.7999204582024161 0.6407477339816572
49 294 0.06437716113114472 0 0.040059232688520435 0.7998539855370699 0.6396766438969077
50 300 0.06615370475159835 0 0.040027085133902976 0.7999809725281116 0.6404108475025933
51 306 0.05846135408862907 0 0.040018870152293474 0.7999905443735129 0.6403733014191325
52 312 0.06812930363826793 0 0.040000503471452266 0.7999999933306073 0.639929221843842
53 318 0.053580524407422905 0 0.04001727670831948 0.799999272441623 0.6404109728314531
54 324 0.04548833881127316 0 0.040012307778370115 0.7999927199162359 0.6402948758473228
55 330 0.03493649083450742 0 0.04002113417764738 0.7999603716281677 0.640166406064441
56 336 0.038117142629799095 0 0.040023742555498586 0.7999433404017335 0.6400130544527737
57 342 0.05125775940840639 0 0.04000298229216387 0.7999960135886273 0.6401114229343997
58 348 0.04581660486734652 0 0.04000072581005046 0.7999996431307651 0.6400757875209361
59 354 0.03861528098628017 0 0.040001492337747274 0.799997637950629 0.6400702148087526
60 360 0.03639972851490773 0 0.04000095467387139 0.7999978972899486 0.6399629332308235
61 366 0.028299187026201208 0 0.04000037909390563 0.7999997732042601 0.6400533377374995
62 372 0.02205272336224339 0 0.04000089714250533 0.7999995626039464 0.6399143187630936
63 378 0.019174736468173227 0 0.04000019264461643 0.7999999460288737 0.6399585547096829
64 384 0.015285626566508528 0 0.04000007283880724 0.7999998923428624 0.6399825720421144
65 390 0.014479841080999405 0 0.04000007856379866 0.7999998082410831 0.6399953801878268
66 396 0.019111371306494134 0 0.04000048645364317 0.7999998704598634 0.6400657197842505
67 402 0.016469153363068832 0 0.04000024926229579 0.7999998212375211 0.6400418752504791
68 408 0.015005816120311356 0 0.04000002403950806 0.7999999943095859 0.6399852384913346
69 414 0.010777360393505808 0 0.04000002442394976 0.7999999999508988 0.640015621800092
70 420 0.007615189821307051 0 0.04000007335480552 0.7999999674489844 0.6400245109797104
71 426 0.0073353493432440605 0 0.04000000155932281 0.7999999982636663 0.6400029379519346
72 432 0.0062877371724442965 0 0.04000000461558445 0.7999999885660372 0.6399993336379154
73 438 0.005313760172632311 0 0.04000000035246621 0.799999999204341 0.6400005835567478
74 444 0.005025985453020832 0 0.04000000665087491 0.7999999938018847 0.639993531268306
75 450 0.00400301959057537 0 0.04000000799711397 0.7999999803793864 0.6399987484917641
76 456 0.003408703705778456 0 0.04000000604190962 0.7999999982512767 0.6399926880158515
77 462 0.0032658942367705048 0 0.040000005216069834 0.7999999873149107 0.639998787923809
78 468 0.0036489959188556157 0 0.04000000084969343 0.7999999990595014 0.6399978225035281
79 474 0.003041250736937175 0 0.040000000937660624 0.7999999977952651 0.6399992497016708
80 480 0.0034310782191313786 0 0.040000001344383966 0.7999999991373796 0.640003159847122
81 486 0.0029405740646515303 0 0.040000000040637515 0.7999999999324223 0.6400003687610005
82 492 0.0030320719012149992 0 0.04000000004760454 0.7999999999975499 0.6400006828174135
83 498 0.00227397857040139 0 0.040000000285724174 0.7999999993504392 0.6400005078796493
84 504 0.001976788715220999 0 0.04000000011167304 0.7999999998672936 0.6399992343434028
85 510 0.00177536011705742 0 0.04000000009272483 0.7999999999398196 0.6400008284728286
86 516 0.001445520744153219 0 0.0400000001366482 0.7999999996701874 0.6399997821438593
87 522 0.00132370573734732 0 0.04000000003063864 0.7999999999505065 0.6400003291812996
88 528 0.0012544784440444874 0 0.04000000001310757 0.7999999999731205 0.640000153442787
89 534 0.0011891922654852002 0 0.040000000036572475 0.7999999999440356 0.639999623257975
90 540 0.0011976564722525854 0 0.040000000001408416 0.7999999999999576 0.6400001179604374
91 546 0.0009505873941840707 0 0.040000000016828394 0.7999999999866046 0.640000338656198
92 552 0.0009500237017242439 0 0.04000000000155038 0.7999999999998609 0.6399998777399906
93 558 0.0008209059456076349 0 0.040000000000133144 0.7999999999999086 0.64000003107569
94 564 0.0007313028395740775 0 0.040000000004694905 0.7999999999999575 0.6399997837152172
95 570 0.0006733268776750194 0 0.04000000000618616 0.7999999999847773 0.6399999688164347
96 576 0.0005644827859550345 0 0.040000000005376804 0.7999999999871742 0.6399999503323701
97 582 0.0004408649526584525 0 0.04000000000460475 0.7999999999964316 0.6399998217423197
98 588 0.0004321925690761569 0 0.040000000002250326 0.7999999999994709 0.6399998572165743
99 594 0.0005456649919829701 0 0.040000000001676014 0.7999999999959706 0.6400000253413388
100 600 0.0005135925940386474 0 0.04000000000131184 0.7999999999967229 0.6400000031494845
101 606 0.0004188303639294037 0 0.04000000000043274 0.7999999999995542 0.6399999495606786
102 612 0.0004220491895569527 0 0.040000000000088146 0.7999999999998021 0.6399999905242526
103 618 0.0003416041878441695 0 0.040000000000256865 0.7999999999999858 0.6399999498806799
104 624 0.00028068060079811623 0 0.04000000000030009 0.7999999999999914 0.639999945535784
105 630 0.00023783792250533904 0 0.04000000000006119 0.7999999999998484 0.6399999976695272
106 636 0.0002082311625318335 0 0.04000000000006405 0.7999999999998529 0.6400000072272807
107 642 0.00015642415810238538 0 0.04000000000007506 0.7999999999998728 0.6399999844484962
108 648 0.0002754953614878437 0 0.040000000000026535 0.7999999999999989 0.6400000161597962
109 654 0.0004068405131537911 0 0.040000000000079895 0.7999999999998613 0.6400000156205262
110 660 0.00031680816153053143 0 0.04000000000002034 0.7999999999999733 0.6400000098260584
111 666 0.00022856693733476304 0 0.04000000000002134 0.7999999999999631 0.6399999918965394
111 666 0.00022856693733476304 0 0.04000000000002134 0.7999999999999631 0.6399999918965394
