% # columns="iteration, evaluation, min max(neg(.)) min(pos(.)) max correlation, correlation matrix principal axes lengths  (sorted square roots of eigenvalues of correlation matrix)", seed=807025, Mon Jul 28 21:21:09 2025
1 6 0.01178934858611109 0.01178934858611109 0.01178934858611109 0.01178934858611109 0.9940878489418774 1.0058774023637826
2 12 0.10110899252537084 0.10110899252537084 0.10110899252537084 0.10110899252537084 0.9940878489418774 1.0058774023637826
3 18 0.16096796817473547 0.16096796817473547 0.16096796817473547 0.16096796817473547 0.9159869168417553 1.0774822356655054
4 24 0.2561668176201191 0.2561668176201191 0.2561668176201191 0.2561668176201191 0.9159869168417553 1.0774822356655054
5 30 0.37310568948611134 0.37310568948611134 0.37310568948611134 0.37310568948611134 0.7917665757746336 1.1717959248461787
6 36 0.5056750442921922 0.5056750442921922 0.5056750442921922 0.5056750442921922 0.7917665757746336 1.1717959248461787
7 42 0.6158133885050685 0.6158133885050685 0.6158133885050685 0.6158133885050685 0.6198278886069356 1.2711464858563977
8 48 0.6724362013525329 0.6724362013525329 0.6724362013525329 0.6724362013525329 0.6198278886069356 1.2711464858563977
9 54 0.7145414970935959 0.7145414970935959 0.7145414970935959 0.7145414970935959 0.5342831673433144 1.309405016445865
10 60 0.6749380902226851 0.6749380902226851 0.6749380902226851 0.6749380902226851 0.5342831673433144 1.309405016445865
11 66 0.8195420654561824 0.8195420654561824 0.8195420654561824 0.8195420654561824 0.4248034069352761 1.3489040238119918
12 72 0.8781887445107133 0.8781887445107133 0.8781887445107133 0.8781887445107133 0.4248034069352761 1.3489040238119918
13 78 0.8816168717831957 0.8816168717831957 0.8816168717831957 0.8816168717831957 0.3440684934962865 1.3717204058346568
14 84 0.8553673111005466 0.8553673111005466 0.8553673111005466 0.8553673111005466 0.3440684934962865 1.3717204058346568
15 90 0.9402825161071078 0.9402825161071078 0.9402825161071078 0.9402825161071078 0.24437161024327694 1.3929402413984269
16 96 0.9308294022390269 0.9308294022390269 0.9308294022390269 0.9308294022390269 0.24437161024327694 1.3929402413984269
17 102 0.966732360492783 0.966732360492783 0.966732360492783 0.966732360492783 0.18239418715303662 1.4024023532826744
18 108 0.9754980015403383 0.9754980015403383 0.9754980015403383 0.9754980015403383 0.18239418715303662 1.4024023532826744
19 114 0.9813348345442992 0.9813348345442992 0.9813348345442992 0.9813348345442992 0.13662051623274174 1.4075989608351873
20 120 0.9751669552909467 0.9751669552909467 0.9751669552909467 0.9751669552909467 0.13662051623274174 1.4075989608351873
21 126 0.9777879271431411 0.9777879271431411 0.9777879271431411 0.9777879271431411 0.14903715260584785 1.4063384824227563
22 132 0.9809869642788698 0.9809869642788698 0.9809869642788698 0.9809869642788698 0.14903715260584785 1.4063384824227563
23 138 0.9651603928794186 0.9651603928794186 0.9651603928794186 0.9651603928794186 0.18665370909944803 1.4018417859656698
24 144 0.9583332737612927 0.9583332737612927 0.9583332737612927 0.9583332737612927 0.18665370909944803 1.4018417859656698
25 150 0.9657348028214934 0.9657348028214934 0.9657348028214934 0.9657348028214934 0.1851086091420569 1.4020466478764155
26 156 0.9660604205480777 0.9660604205480777 0.9660604205480777 0.9660604205480777 0.1851086091420569 1.4020466478764155
27 162 0.9593983988545648 0.9593983988545648 0.9593983988545648 0.9593983988545648 0.20149838993261263 1.3997851259584682
28 168 0.9655603086505228 0.9655603086505228 0.9655603086505228 0.9655603086505228 0.20149838993261263 1.3997851259584682
29 174 0.9591195867220254 0.9591195867220254 0.9591195867220254 0.9591195867220254 0.2021890533089625 1.3996855313683945
30 180 0.9639254929415665 0.9639254929415665 0.9639254929415665 0.9639254929415665 0.2021890533089625 1.3996855313683945
31 186 0.9843170931742588 0.9843170931742588 0.9843170931742588 0.9843170931742588 0.12523141309488328 1.4086579049486283
32 192 0.9866590120919587 0.9866590120919587 0.9866590120919587 0.9866590120919587 0.12523141309488328 1.4086579049486283
33 198 0.9858458305314042 0.9858458305314042 0.9858458305314042 0.9858458305314042 0.11897129682657046 1.409200422413861
34 204 0.9887042936886569 0.9887042936886569 0.9887042936886569 0.9887042936886569 0.11897129682657046 1.409200422413861
35 210 0.9851261844193999 0.9851261844193999 0.9851261844193999 0.9851261844193999 0.12195825343370607 1.4089450608236647
36 216 0.9892787166607584 0.9892787166607584 0.9892787166607584 0.9892787166607584 0.12195825343370607 1.4089450608236647
37 222 0.9866709420660253 0.9866709420660253 0.9866709420660253 0.9866709420660253 0.11545153933133463 1.409493150769462
38 228 0.9808823345624644 0.9808823345624644 0.9808823345624644 0.9808823345624644 0.11545153933133463 1.409493150769462
39 234 0.9736215873153883 0.9736215873153883 0.9736215873153883 0.9736215873153883 0.16241432413617904 1.40485642943163
40 240 0.986450521274762 0.986450521274762 0.986450521274762 0.986450521274762 0.16241432413617904 1.40485642943163
41 246 0.9906509181889472 0.9906509181889472 0.9906509181889472 0.9906509181889472 0.09669065007048329 1.4109042909385976
42 252 0.986451127034004 0.986451127034004 0.986451127034004 0.986451127034004 0.09669065007048329 1.4109042909385976
43 258 0.9799639161425637 0.9799639161425637 0.9799639161425637 0.9799639161425637 0.14154887444779077 1.4071119060481876
44 264 0.9830090789361219 0.9830090789361219 0.9830090789361219 0.9830090789361219 0.14154887444779077 1.4071119060481876
45 270 0.9759847298662021 0.9759847298662021 0.9759847298662021 0.9759847298662021 0.15496861015637275 1.4056972397590464
46 276 0.9662694932167779 0.9662694932167779 0.9662694932167779 0.9662694932167779 0.15496861015637275 1.4056972397590464
47 282 0.9762112270244216 0.9762112270244216 0.9762112270244216 0.9762112270244216 0.1542360949180774 1.4057778014410462
48 288 0.9595441909030213 0.9595441909030213 0.9595441909030213 0.9595441909030213 0.1542360949180774 1.4057778014410462
49 294 0.9450903900639838 0.9450903900639838 0.9450903900639838 0.9450903900639838 0.23432799648359623 1.3946649741296235
50 300 0.9406881414069564 0.9406881414069564 0.9406881414069564 0.9406881414069564 0.23432799648359623 1.3946649741296235
51 306 0.906463616454459 0.906463616454459 0.906463616454459 0.906463616454459 0.30583718470052185 1.3807474846815617
52 312 0.91087165806623 0.91087165806623 0.91087165806623 0.91087165806623 0.30583718470052185 1.3807474846815617
53 318 0.8644394960340358 0.8644394960340358 0.8644394960340358 0.8644394960340358 0.36818542063200177 1.365444797871388
54 324 0.8717583420172361 0.8717583420172361 0.8717583420172361 0.8717583420172361 0.36818542063200177 1.365444797871388
55 330 0.8558944994144813 0.8558944994144813 0.8558944994144813 0.8558944994144813 0.37961230299546256 1.3623121886757386
56 336 0.723703571036455 0.723703571036455 0.723703571036455 0.723703571036455 0.37961230299546256 1.3623121886757386
57 342 0.6953991749614086 0.6953991749614086 0.6953991749614086 0.6953991749614086 0.5519065365064918 1.3020749498248587
58 348 0.6551496520593748 0.6551496520593748 0.6551496520593748 0.6551496520593748 0.5519065365064918 1.3020749498248587
59 354 0.5974087695870751 0.5974087695870751 0.5974087695870751 0.5974087695870751 0.6345007725865468 1.263886375267601
60 360 0.5889048920630809 0.5889048920630809 0.5889048920630809 0.5889048920630809 0.6345007725865468 1.263886375267601
61 366 0.6127750398962063 0.6127750398962063 0.6127750398962063 0.6127750398962063 0.6222740233239643 1.2699508021558183
62 372 0.4427801868870496 0.4427801868870496 0.4427801868870496 0.4427801868870496 0.6222740233239643 1.2699508021558183
63 378 0.22011906950329363 0.22011906950329363 0.22011906950329363 0.22011906950329363 0.8831086742279832 1.1045900006352103
64 384 0.10604535825472461 0.10604535825472461 0.10604535825472461 0.10604535825472461 0.8831086742279832 1.1045900006352103
65 390 0.061951913173412185 0.061951913173412185 0.061951913173412185 0.061951913173412185 0.9685288260173716 1.0305105109475652
66 396 0.15617510663545878 0.15617510663545878 0.15617510663545878 0.15617510663545878 0.9685288260173716 1.0305105109475652
67 402 0.20713734265434983 0.20713734265434983 0.20713734265434983 0.20713734265434983 0.890428356099271 1.0986980215939
68 408 0.3350848148968217 0.3350848148968217 0.3350848148968217 0.3350848148968217 0.890428356099271 1.0986980215939
69 414 0.6328574743735739 0.6328574743735739 0.6328574743735739 0.6328574743735739 0.605922871021078 1.2778331167932586
70 420 0.6244144841854701 0.6244144841854701 0.6244144841854701 0.6244144841854701 0.605922871021078 1.2778331167932586
71 426 0.7152193380367722 0.7152193380367722 0.7152193380367722 0.7152193380367722 0.5336484441682819 1.3096638263450557
72 432 0.556747374735165 0.556747374735165 0.556747374735165 0.556747374735165 0.5336484441682819 1.3096638263450557
73 438 0.37247916431350353 0.37247916431350353 0.37247916431350353 0.37247916431350353 0.7921621271472759 1.1715285588979483
74 444 0.20186183534937777 0.20186183534937777 0.20186183534937777 0.20186183534937777 0.7921621271472759 1.1715285588979483
75 450 0.21229220665845916 0.21229220665845916 0.21229220665845916 0.21229220665845916 0.8875290380272303 1.1010414191384714
76 456 0.002978630983888824 0.002978630983888824 0.002978630983888824 0.002978630983888824 0.8875290380272303 1.1010414191384714
77 462 0.027167724786607006 0.027167724786607006 0.027167724786607006 0.027167724786607006 0.986322601998653 1.0134928341071816
78 468 0.016257642281050755 0.016257642281050755 0.016257642281050755 0.016257642281050755 0.986322601998653 1.0134928341071816
79 474 0.0798729215495474 0.0798729215495474 0.0798729215495474 0.0798729215495474 0.9592325465967324 1.0391693420947075
80 480 0.01954272027983987 0.01954272027983987 0.01954272027983987 0.01954272027983987 0.9592325465967324 1.0391693420947075
81 486 -0.09623920291566339 -0.09623920291566339 -0.09623920291566339 -0.09623920291566339 0.9506633458192951 1.047014423451589
82 492 0.09503114894886873 0.09503114894886873 0.09503114894886873 0.09503114894886873 0.9506633458192951 1.047014423451589
83 498 0.11334468305455925 0.11334468305455925 0.11334468305455925 0.11334468305455925 0.9416237661324405 1.0551514976791527
84 504 0.1501915557548352 0.1501915557548352 0.1501915557548352 0.1501915557548352 0.9416237661324405 1.0551514976791527
85 510 -0.003932877970747543 -0.003932877970747543 -0.003932877970747543 -0.003932877970747543 0.9980316237621193 1.0019645093369063
86 516 -0.10249186327825255 -0.10249186327825255 -0.10249186327825255 -0.10249186327825255 0.9980316237621193 1.0019645093369063
87 522 -0.31104077560155413 -0.31104077560155413 -0.31104077560155413 -0.31104077560155413 0.8300356765817034 1.145006888888252
88 528 -0.267670160400788 -0.267670160400788 -0.267670160400788 -0.267670160400788 0.8300356765817034 1.145006888888252
89 534 -0.35905343674410306 -0.35905343674410306 -0.35905343674410306 -0.35905343674410306 0.8005913834509443 1.1657844726809938
90 540 -0.22705771968817934 -0.22705771968817934 -0.22705771968817934 -0.22705771968817934 0.8005913834509443 1.1657844726809938
91 546 -0.06618780581203482 -0.06618780581203482 -0.06618780581203482 -0.06618780581203482 0.9663395853363171 1.0325637054497097
92 552 0.1355299379616281 0.1355299379616281 0.1355299379616281 0.1355299379616281 0.9663395853363171 1.0325637054497097
93 558 -0.02578068361053426 -0.02578068361053426 -0.02578068361053426 -0.02578068361053426 0.9870254892298708 1.0128083153344143
94 564 0.15813117236794677 0.15813117236794677 0.15813117236794677 0.15813117236794677 0.9870254892298708 1.0128083153344143
95 570 0.3811880534491852 0.3811880534491852 0.3811880534491852 0.3811880534491852 0.7866460109546193 1.1752395727889633
96 576 0.19751142325713195 0.19751142325713195 0.19751142325713195 0.19751142325713195 0.7866460109546193 1.1752395727889633
97 582 0.2342198368222808 0.2342198368222808 0.2342198368222808 0.2342198368222808 0.8750886601811951 1.1109544710843378
98 588 0.3343296970376401 0.3343296970376401 0.3343296970376401 0.3343296970376401 0.8750886601811951 1.1109544710843378
99 594 0.21027973792200694 0.21027973792200694 0.21027973792200694 0.21027973792200694 0.8886620629226799 1.1001271462526534
100 600 -0.005156789573912457 -0.005156789573912457 -0.005156789573912457 -0.005156789573912457 0.8886620629226799 1.1001271462526534
101 606 -0.16971076549670483 -0.16971076549670483 -0.16971076549670483 -0.16971076549670483 0.9112020821438541 1.0815316756788518
102 612 0.01372815412044897 0.01372815412044897 0.01372815412044897 0.01372815412044897 0.9112020821438541 1.0815316756788518
103 618 -0.05628851131308923 -0.05628851131308923 -0.05628851131308923 -0.05628851131308923 0.9714481399883943 1.027758975301646
104 624 0.01408716590567269 0.01408716590567269 0.01408716590567269 0.01408716590567269 0.9714481399883943 1.027758975301646
105 630 0.0863493516586095 0.0863493516586095 0.0863493516586095 0.0863493516586095 0.9558507458496805 1.0422808410685718
106 636 -0.08435097367978782 -0.08435097367978782 -0.08435097367978782 -0.08435097367978782 0.9558507458496805 1.0422808410685718
107 642 -0.17942898928925882 -0.17942898928925882 -0.17942898928925882 -0.17942898928925882 0.9058537468657627 1.0860151883326767
108 648 -0.1266047089468519 -0.1266047089468519 -0.1266047089468519 -0.1266047089468519 0.9058537468657627 1.0860151883326767
109 654 -0.01987239191841885 -0.01987239191841885 -0.01987239191841885 -0.01987239191841885 0.9900139433773552 1.009887316445958
110 660 -0.1264509145773652 -0.1264509145773652 -0.1264509145773652 -0.1264509145773652 0.9900139433773552 1.009887316445958
111 666 -0.08746324671148473 -0.08746324671148473 -0.08746324671148473 -0.08746324671148473 0.9552678960838762 1.0428150587287683
112 672 -0.04195750224310396 -0.04195750224310396 -0.04195750224310396 -0.04195750224310396 0.9552678960838762 1.0428150587287683
113 678 -0.18217917771706232 -0.18217917771706232 -0.18217917771706232 -0.18217917771706232 0.9043344637261911 1.0872806342968968
114 684 -0.28173342473921686 -0.28173342473921686 -0.28173342473921686 -0.28173342473921686 0.9043344637261911 1.0872806342968968
115 690 -0.2389686622366093 -0.2389686622366093 -0.2389686622366093 -0.2389686622366093 0.8723711009446556 1.1130896919101394
116 696 -0.13437455272750073 -0.13437455272750073 -0.13437455272750073 -0.13437455272750073 0.8723711009446556 1.1130896919101394
117 702 -0.241379048064869 -0.241379048064869 -0.241379048064869 -0.241379048064869 0.8709884912759359 1.1141719113605715
118 708 -0.26943026727372943 -0.26943026727372943 -0.26943026727372943 -0.26943026727372943 0.8709884912759359 1.1141719113605715
119 714 -0.2258745349736741 -0.2258745349736741 -0.2258745349736741 -0.2258745349736741 0.8798440003923002 1.1071921852025846
120 720 -0.10099450203999574 -0.10099450203999574 -0.10099450203999574 -0.10099450203999574 0.8798440003923002 1.1071921852025846
120 720 -0.10099450203999574 -0.10099450203999574 -0.10099450203999574 -0.10099450203999574 0.8798440003923002 1.1071921852025846
