% # columns="iteration, evaluation, min max(neg(.)) min(pos(.)) max correlation, correlation matrix principal axes lengths  (sorted square roots of eigenvalues of correlation matrix)", seed=372621, Wed Jul 23 14:57:05 2025
1 6 -0.020704595413671468 -0.020704595413671468 -0.020704595413671468 -0.020704595413671468 0.9895935552469652 1.0102992603252123
2 12 -0.020704595413671468 -0.020704595413671468 -0.020704595413671468 -0.020704595413671468 0.9895935552469652 1.0102992603252123
3 18 -0.18442338327953545 -0.18442338327953545 -0.18442338327953545 -0.18442338327953545 0.9030928062610534 1.0883121717960962
4 24 -0.18442338327953545 -0.18442338327953545 -0.18442338327953545 -0.18442338327953545 0.9030928062610534 1.0883121717960962
5 30 -0.07157625024122535 -0.07157625024122535 -0.07157625024122535 -0.07157625024122535 0.9635474818392576 1.035169672199309
6 36 -0.07157625024122535 -0.07157625024122535 -0.07157625024122535 -0.07157625024122535 0.9635474818392576 1.035169672199309
7 42 0.1504275195107891 0.1504275195107891 0.1504275195107891 0.1504275195107891 0.9217225615602621 1.0725798429537958
8 48 0.1504275195107891 0.1504275195107891 0.1504275195107891 0.1504275195107891 0.9217225615602621 1.0725798429537958
9 54 -0.18719967593081505 -0.18719967593081505 -0.18719967593081505 -0.18719967593081505 0.9015543932948168 1.089586929038163
10 60 -0.18719967593081505 -0.18719967593081505 -0.18719967593081505 -0.18719967593081505 0.9015543932948168 1.089586929038163
11 66 -0.43382365459312594 -0.43382365459312594 -0.43382365459312594 -0.43382365459312594 0.7524469053739764 1.1974237573194904
12 72 -0.43382365459312594 -0.43382365459312594 -0.43382365459312594 -0.43382365459312594 0.7524469053739764 1.1974237573194904
13 78 -0.5873348595554095 -0.5873348595554095 -0.5873348595554095 -0.5873348595554095 0.6423901777304744 1.259894781144604
14 84 -0.5873348595554095 -0.5873348595554095 -0.5873348595554095 -0.5873348595554095 0.6423901777304744 1.259894781144604
15 90 -0.8109507712369954 -0.8109507712369954 -0.8109507712369954 -0.8109507712369954 0.4347979171557801 1.3457157096641903
16 96 -0.8109507712369954 -0.8109507712369954 -0.8109507712369954 -0.8109507712369954 0.4347979171557801 1.3457157096641903
17 102 -0.8697144177172703 -0.8697144177172703 -0.8697144177172703 -0.8697144177172703 0.3609509416565217 1.3673750099066715
18 108 -0.8697144177172703 -0.8697144177172703 -0.8697144177172703 -0.8697144177172703 0.3609509416565217 1.3673750099066715
19 114 -0.9072809342380311 -0.9072809342380311 -0.9072809342380311 -0.9072809342380311 0.3044980554321637 1.3810434222854946
20 120 -0.9072809342380311 -0.9072809342380311 -0.9072809342380311 -0.9072809342380311 0.3044980554321637 1.3810434222854946
21 126 -0.9230051952883325 -0.9230051952883325 -0.9230051952883325 -0.9230051952883325 0.27747937709254633 1.386724628499953
22 132 -0.9230051952883325 -0.9230051952883325 -0.9230051952883325 -0.9230051952883325 0.27747937709254633 1.386724628499953
23 138 -0.9370180102611788 -0.9370180102611788 -0.9370180102611788 -0.9370180102611788 0.2509621280966935 1.3917679441132342
24 144 -0.9370180102611788 -0.9370180102611788 -0.9370180102611788 -0.9370180102611788 0.2509621280966935 1.3917679441132342
25 150 -0.9345720929053953 -0.9345720929053953 -0.9345720929053953 -0.9345720929053953 0.25578879391913284 1.3908889577911658
26 156 -0.9345720929053953 -0.9345720929053953 -0.9345720929053953 -0.9345720929053953 0.25578879391913284 1.3908889577911658
27 162 -0.9165483437747276 -0.9165483437747276 -0.9165483437747276 -0.9165483437747276 0.2888800031592224 1.3843945766199488
28 168 -0.9165483437747276 -0.9165483437747276 -0.9165483437747276 -0.9165483437747276 0.2888800031592224 1.3843945766199488
29 174 -0.8935248885101369 -0.8935248885101369 -0.8935248885101369 -0.8935248885101369 0.3263052428170026 1.3760541008660003
30 180 -0.8935248885101369 -0.8935248885101369 -0.8935248885101369 -0.8935248885101369 0.3263052428170026 1.3760541008660003
31 186 -0.8945625508729328 -0.8945625508729328 -0.8945625508729328 -0.8945625508729328 0.32471133199669405 1.37643109194501
32 192 -0.8945625508729328 -0.8945625508729328 -0.8945625508729328 -0.8945625508729328 0.32471133199669405 1.37643109194501
33 198 -0.900733171757667 -0.900733171757667 -0.900733171757667 -0.900733171757667 0.3150663870398319 1.3786707989065654
34 204 -0.900733171757667 -0.900733171757667 -0.900733171757667 -0.900733171757667 0.3150663870398319 1.3786707989065654
35 210 -0.9242235174470907 -0.9242235174470907 -0.9242235174470907 -0.9242235174470907 0.27527528503828547 1.3871638394389794
36 216 -0.9242235174470907 -0.9242235174470907 -0.9242235174470907 -0.9242235174470907 0.27527528503828547 1.3871638394389794
37 222 -0.9582101331854657 -0.9582101331854657 -0.9582101331854657 -0.9582101331854657 0.20442569998543333 1.3993606158476326
38 228 -0.9582101331854657 -0.9582101331854657 -0.9582101331854657 -0.9582101331854657 0.20442569998543333 1.3993606158476326
39 234 -0.9594666135839965 -0.9594666135839965 -0.9594666135839965 -0.9594666135839965 0.2013290501045576 1.39980949188952
40 240 -0.9594666135839965 -0.9594666135839965 -0.9594666135839965 -0.9594666135839965 0.2013290501045576 1.39980949188952
41 246 -0.9451268488431969 -0.9451268488431969 -0.9451268488431969 -0.9451268488431969 0.23425018923536248 1.3946780448702836
42 252 -0.9451268488431969 -0.9451268488431969 -0.9451268488431969 -0.9451268488431969 0.23425018923536248 1.3946780448702836
43 258 -0.9184060019645223 -0.9184060019645223 -0.9184060019645223 -0.9184060019645223 0.28564663140929486 1.385065342128133
44 264 -0.9184060019645223 -0.9184060019645223 -0.9184060019645223 -0.9184060019645223 0.28564663140929486 1.385065342128133
45 270 -0.8725864351365015 -0.8725864351365015 -0.8725864351365015 -0.8725864351365015 0.35695036750716264 1.3684248006874553
46 276 -0.8725864351365015 -0.8725864351365015 -0.8725864351365015 -0.8725864351365015 0.35695036750716264 1.3684248006874553
47 282 -0.86957603135057 -0.86957603135057 -0.86957603135057 -0.86957603135057 0.36114258769830787 1.3673244060392435
48 288 -0.86957603135057 -0.86957603135057 -0.86957603135057 -0.86957603135057 0.36114258769830787 1.3673244060392435
49 294 -0.8305406505427828 -0.8305406505427828 -0.8305406505427828 -0.8305406505427828 0.4116544053659781 1.3529747412804065
50 300 -0.8305406505427828 -0.8305406505427828 -0.8305406505427828 -0.8305406505427828 0.4116544053659781 1.3529747412804065
51 306 -0.5584234400386884 -0.5584234400386884 -0.5584234400386884 -0.5584234400386884 0.664512272242817 1.2483683110519461
52 312 -0.5584234400386884 -0.5584234400386884 -0.5584234400386884 -0.5584234400386884 0.664512272242817 1.2483683110519461
53 318 -0.46798114883466446 -0.46798114883466446 -0.46798114883466446 -0.46798114883466446 0.7293962237120066 1.2116027190604455
54 324 -0.46798114883466446 -0.46798114883466446 -0.46798114883466446 -0.46798114883466446 0.7293962237120066 1.2116027190604455
55 330 -0.3226283100878864 -0.3226283100878864 -0.3226283100878864 -0.3226283100878864 0.8230259351394182 1.1500557856416733
56 336 -0.3226283100878864 -0.3226283100878864 -0.3226283100878864 -0.3226283100878864 0.8230259351394182 1.1500557856416733
57 342 -0.1655043840461105 -0.1655043840461105 -0.1655043840461105 -0.1655043840461105 0.9135073157637487 1.0795852833593604
58 348 -0.1655043840461105 -0.1655043840461105 -0.1655043840461105 -0.1655043840461105 0.9135073157637487 1.0795852833593604
59 354 -0.059923749538263106 -0.059923749538263106 -0.059923749538263106 -0.059923749538263106 0.969575293858985 1.029525982934993
60 360 -0.059923749538263106 -0.059923749538263106 -0.059923749538263106 -0.059923749538263106 0.969575293858985 1.029525982934993
61 366 -0.026332775766001768 -0.026332775766001768 -0.026332775766001768 -0.026332775766001768 0.9867457748751692 1.013080833776852
62 372 -0.026332775766001768 -0.026332775766001768 -0.026332775766001768 -0.026332775766001768 0.9867457748751692 1.013080833776852
63 378 0.0028892177510301733 0.0028892177510301733 0.0028892177510301733 0.0028892177510301733 0.9985543461669826 1.0014435669327704
64 384 0.0028892177510301733 0.0028892177510301733 0.0028892177510301733 0.0028892177510301733 0.9985543461669826 1.0014435669327704
65 390 0.030125677780031404 0.030125677780031404 0.030125677780031404 0.030125677780031404 0.9848219748868162 1.0149510716187413
66 396 0.030125677780031404 0.030125677780031404 0.030125677780031404 0.030125677780031404 0.9848219748868162 1.0149510716187413
67 402 -0.08597726787931145 -0.08597726787931145 -0.08597726787931145 -0.08597726787931145 0.9560453609116508 1.042102330809845
68 408 -0.08597726787931145 -0.08597726787931145 -0.08597726787931145 -0.08597726787931145 0.9560453609116508 1.042102330809845
69 414 -0.27565426143587096 -0.27565426143587096 -0.27565426143587096 -0.27565426143587096 0.8510850360358411 1.1294486537403419
70 420 -0.27565426143587096 -0.27565426143587096 -0.27565426143587096 -0.27565426143587096 0.8510850360358411 1.1294486537403419
71 426 -0.25855764066524395 -0.25855764066524395 -0.25855764066524395 -0.25855764066524395 0.8610704729200485 1.121854554149175
72 432 -0.25855764066524395 -0.25855764066524395 -0.25855764066524395 -0.25855764066524395 0.8610704729200485 1.121854554149175
73 438 -0.13830178028164317 -0.13830178028164317 -0.13830178028164317 -0.13830178028164317 0.9282770166918691 1.066912264566137
74 444 -0.13830178028164317 -0.13830178028164317 -0.13830178028164317 -0.13830178028164317 0.9282770166918691 1.066912264566137
75 450 -0.30071885520824676 -0.30071885520824676 -0.30071885520824676 -0.30071885520824676 0.8362303180295206 1.140490620394682
76 456 -0.30071885520824676 -0.30071885520824676 -0.30071885520824676 -0.30071885520824676 0.8362303180295206 1.140490620394682
77 462 -0.35993434168474375 -0.35993434168474375 -0.35993434168474375 -0.35993434168474375 0.8000410353945954 1.1661622278588617
78 468 -0.35993434168474375 -0.35993434168474375 -0.35993434168474375 -0.35993434168474375 0.8000410353945954 1.1661622278588617
79 474 -0.24543599460889162 -0.24543599460889162 -0.24543599460889162 -0.24543599460889162 0.8686564369134142 1.1159910369751593
80 480 -0.24543599460889162 -0.24543599460889162 -0.24543599460889162 -0.24543599460889162 0.8686564369134142 1.1159910369751593
81 486 0.10294159468184931 0.10294159468184931 0.10294159468184931 0.10294159468184931 0.9471316726401617 1.0502102621293743
82 492 0.10294159468184931 0.10294159468184931 0.10294159468184931 0.10294159468184931 0.9471316726401617 1.0502102621293743
83 498 0.20565746002163163 0.20565746002163163 0.20565746002163163 0.20565746002163163 0.8912589634771526 1.0980243440022774
84 504 0.20565746002163163 0.20565746002163163 0.20565746002163163 0.20565746002163163 0.8912589634771526 1.0980243440022774
85 510 0.3759261588750813 0.3759261588750813 0.3759261588750813 0.3759261588750813 0.7899834435764579 1.1729987889486848
86 516 0.3759261588750813 0.3759261588750813 0.3759261588750813 0.3759261588750813 0.7899834435764579 1.1729987889486848
87 522 0.3942539057576916 0.3942539057576916 0.3942539057576916 0.3942539057576916 0.7782969190754314 1.180785291980592
88 528 0.3942539057576916 0.3942539057576916 0.3942539057576916 0.3942539057576916 0.7782969190754314 1.180785291980592
89 534 0.33945465756384186 0.33945465756384186 0.33945465756384186 0.33945465756384186 0.8127394062281944 1.1573481142525102
90 540 0.33945465756384186 0.33945465756384186 0.33945465756384186 0.33945465756384186 0.8127394062281944 1.1573481142525102
91 546 0.39391944262226014 0.39391944262226014 0.39391944262226014 0.39391944262226014 0.7785117580215086 1.1806436560716616
92 552 0.39391944262226014 0.39391944262226014 0.39391944262226014 0.39391944262226014 0.7785117580215086 1.1806436560716616
93 558 0.12855116580246187 0.12855116580246187 0.12855116580246187 0.12855116580246187 0.933514238883124 1.0623328884123195
94 564 0.12855116580246187 0.12855116580246187 0.12855116580246187 0.12855116580246187 0.933514238883124 1.0623328884123195
95 570 0.17985869006367422 0.17985869006367422 0.17985869006367422 0.17985869006367422 0.9056165358121094 1.0862130040022877
96 576 0.17985869006367422 0.17985869006367422 0.17985869006367422 0.17985869006367422 0.9056165358121094 1.0862130040022877
96 576 0.17985869006367422 0.17985869006367422 0.17985869006367422 0.17985869006367422 0.9056165358121094 1.0862130040022877
