% # columns="iteration, evaluation, sigma, beta, void,  sigvec==sigma_vec.scaling factors from diagonal decoding", seed=372621, Wed Jul 23 14:57:05 2025, <python>{}</python>
1 6 0.9106835057615349 1 0 0.6 0.5999850001874985
2 12 0.6893485471026338 1 0 0.6 0.5999850001874985
3 18 0.6860763845734233 1 0 0.6 0.5999850001874985
4 24 0.6554733369205319 1 0 0.6 0.5999850001874985
5 30 0.4707937461717315 1 0 0.6 0.5999850001874985
6 36 0.5177527937489156 1 0 0.6 0.5999850001874985
7 42 0.42427247594946527 1 0 0.6 0.5999850001874985
8 48 0.43852519553317926 1 0 0.6 0.5999850001874985
9 54 0.42553035783751764 1 0 0.6 0.5999850001874985
10 60 0.41442698268736333 1 0 0.6 0.5999850001874985
11 66 0.3876172101613412 1 0 0.6 0.5999850001874985
12 72 0.28591427426576005 1 0 0.6 0.5999850001874985
13 78 0.27500153737701843 1 0 0.6 0.5999850001874985
14 84 0.36762140672653515 1 0 0.6 0.5999850001874985
15 90 0.5536492929845797 1 0 0.6 0.5999850001874985
16 96 0.570035020135257 1 0 0.6 0.5999850001874985
17 102 0.49618057707063656 1 0 0.6 0.5999850001874985
18 108 0.4945427691383045 1 0 0.6 0.5999850001874985
19 114 0.5376400229389396 1 0 0.6 0.5999850001874985
20 120 0.4663483109788255 1 0 0.6 0.5999850001874985
21 126 0.41732180344127834 1 0 0.6 0.5999850001874985
22 132 0.3639834930594092 1 0 0.6 0.5999850001874985
23 138 0.37997687858091483 1 0 0.6 0.5999850001874985
24 144 0.3533773007667522 1 0 0.6 0.5999850001874985
25 150 0.323550331191321 1 0 0.6 0.5999850001874985
26 156 0.272394023433465 1 0 0.6 0.5999850001874985
27 162 0.30712504334136914 1 0 0.6 0.5999850001874985
28 168 0.29293429882168964 1 0 0.6 0.5999850001874985
29 174 0.38209425968440075 1 0 0.6 0.5999850001874985
30 180 0.34779009725496285 1 0 0.6 0.5999850001874985
31 186 0.26738744407439635 1 0 0.6 0.5999850001874985
32 192 0.22393149552000496 1 0 0.6 0.5999850001874985
33 198 0.20724459758959854 1 0 0.6 0.5999850001874985
34 204 0.16031594217992354 1 0 0.6 0.5999850001874985
35 210 0.1274347421279359 1 0 0.6 0.5999850001874985
36 216 0.1451570512401428 1 0 0.6 0.5999850001874985
37 222 0.19355958326730854 1 0 0.6 0.5999850001874985
38 228 0.17137357165394929 1 0 0.6 0.5999850001874985
39 234 0.15705326393483163 1 0 0.6 0.5999850001874985
40 240 0.12863410625033608 1 0 0.6 0.5999850001874985
41 246 0.1531935240985182 1 0 0.6 0.5999850001874985
42 252 0.13330024038988167 1 0 0.6 0.5999850001874985
43 258 0.10322366571701011 1 0 0.6 0.5999850001874985
44 264 0.1168850281674204 1 0 0.6 0.5999850001874985
45 270 0.09257473193464326 1 0 0.6 0.5999850001874985
46 276 0.11002931708202952 1 0 0.6 0.5999850001874985
47 282 0.11306011310953044 1 0 0.6 0.5999850001874985
48 288 0.09253640039888572 1 0 0.6 0.5999850001874985
49 294 0.11033009183401474 1 0 0.6 0.5999850001874985
50 300 0.13092420648421624 1 0 0.6 0.5999850001874985
51 306 0.1155469079050183 1 0 0.6 0.5999850001874985
52 312 0.09833417574289262 1 0 0.6 0.5999850001874985
53 318 0.08695886119832642 1 0 0.6 0.5999850001874985
54 324 0.08529784229896556 1 0 0.6 0.5999850001874985
55 330 0.06057268783568056 1 0 0.6 0.5999850001874985
56 336 0.06246121485575106 1 0 0.6 0.5999850001874985
57 342 0.04673802783361578 1 0 0.6 0.5999850001874985
58 348 0.03541059927898702 1 0 0.6 0.5999850001874985
59 354 0.026004315984617506 1 0 0.6 0.5999850001874985
60 360 0.02091298863559157 1 0 0.6 0.5999850001874985
61 366 0.016923101476984833 1 0 0.6 0.5999850001874985
62 372 0.014122098899462518 1 0 0.6 0.5999850001874985
63 378 0.011263192659428186 1 0 0.6 0.5999850001874985
64 384 0.008751852268016254 1 0 0.6 0.5999850001874985
65 390 0.006956178621060795 1 0 0.6 0.5999850001874985
66 396 0.005710620804066091 1 0 0.6 0.5999850001874985
67 402 0.004612875961086462 1 0 0.6 0.5999850001874985
68 408 0.003728845159805215 1 0 0.6 0.5999850001874985
69 414 0.003180223415522843 1 0 0.6 0.5999850001874985
70 420 0.0029358762769834 1 0 0.6 0.5999850001874985
71 426 0.0021672519622053703 1 0 0.6 0.5999850001874985
72 432 0.0020138352117311767 1 0 0.6 0.5999850001874985
73 438 0.0016479396417018 1 0 0.6 0.5999850001874985
74 444 0.0017195372605816285 1 0 0.6 0.5999850001874985
75 450 0.0015059092906190568 1 0 0.6 0.5999850001874985
76 456 0.0012743493885121096 1 0 0.6 0.5999850001874985
77 462 0.0011550247607960771 1 0 0.6 0.5999850001874985
78 468 0.0009034842771602272 1 0 0.6 0.5999850001874985
79 474 0.0006452816426495902 1 0 0.6 0.5999850001874985
80 480 0.0005103203035661528 1 0 0.6 0.5999850001874985
81 486 0.0004268442290242021 1 0 0.6 0.5999850001874985
82 492 0.00035332598440866026 1 0 0.6 0.5999850001874985
83 498 0.0002502149701071 1 0 0.6 0.5999850001874985
84 504 0.00023556198784535778 1 0 0.6 0.5999850001874985
85 510 0.0002071338140667134 1 0 0.6 0.5999850001874985
86 516 0.0001801433071651582 1 0 0.6 0.5999850001874985
87 522 0.00018550813016720687 1 0 0.6 0.5999850001874985
88 528 0.0001367292301807374 1 0 0.6 0.5999850001874985
89 534 0.00011299205477519647 1 0 0.6 0.5999850001874985
90 540 8.944093752564488e-05 1 0 0.6 0.5999850001874985
91 546 6.685662034154645e-05 1 0 0.6 0.5999850001874985
92 552 5.382848563406951e-05 1 0 0.6 0.5999850001874985
93 558 5.087545047759536e-05 1 0 0.6 0.5999850001874985
94 564 3.627479918967699e-05 1 0 0.6 0.5999850001874985
95 570 2.800234259270518e-05 1 0 0.6 0.5999850001874985
96 576 2.3876361662432163e-05 1 0 0.6 0.5999850001874985
96 576 2.3876361662432163e-05 1 0 0.6 0.5999850001874985
