% # columns="iter, evals, sigma, 0, fitness, xbest" seed=283845, Wed Jul 23 01:02:27 2025, <python>{}</python>
1 6 0.930284251032864 0 10.796610464035963 -0.3122516101643072 0.398741938047239
2 12 0.7762680776863611 0 2.4454301927824864 0.07724053794033137 0.13221764199732278
3 18 0.6882948568492173 0 1.2990843153056797 -0.08560446060812896 0.042048041650193616
4 24 0.5537416926119754 0 0.8805625063169205 0.10291026502781125 -0.01693991754534402
5 30 0.42892893685875116 0 0.9084450986420445 0.06297283631534202 -0.013477240798242675
6 36 0.45062321431888874 0 0.8273222221738773 0.21468906936373702 0.00019924419070915106
7 42 0.3635350665744398 0 0.6339682864301371 0.20699345588372112 0.0356986286301976
8 48 0.2891784821336354 0 0.7237069746412687 0.14957457783323896 0.024571590426816902
9 54 0.20947072197044175 0 0.7213256357949248 0.17521226239683263 0.050960339755470346
10 60 0.19231698628790975 0 0.6687895761304901 0.1900048243961669 0.024833562961151474
11 66 0.18747705534603515 0 0.6224942983688826 0.21553050755173309 0.05488068500572861
12 72 0.22944495181637575 0 0.5781912363822813 0.2910273981291111 0.05721075244030936
13 78 0.2647401208059147 0 0.48471913827471425 0.30991703734730275 0.08682650794161853
14 84 0.3514500269848859 0 0.4122834691791719 0.4188060718649087 0.14810437131422885
15 90 0.47129757920961873 0 0.37528991706157355 0.4747639553983728 0.19387034958221863
16 96 0.38419381113814255 0 0.3246698820830006 0.43367325430265746 0.18179244437115483
17 102 0.34114673993401456 0 0.3353588222304822 0.4209822458512059 0.17623983323768214
18 108 0.25858170183987456 0 0.30872790260650124 0.47602172569411155 0.20811029086105895
19 114 0.2847439148517635 0 0.23148765106332284 0.5192809267634111 0.26766063750245195
20 120 0.2618742758730986 0 0.24311240418424185 0.5072350550832202 0.25900528714749566
21 126 0.2424578606670484 0 0.23144861737518518 0.5192501777832252 0.27143244747213097
22 132 0.25069327607252334 0 0.2065663326080325 0.5457066793699562 0.29643964039197
23 138 0.3291037889978119 0 0.16266183571347265 0.5971604976296222 0.3585555794760912
24 144 0.5314930358668649 0 0.09495119596062115 0.6981580075820812 0.4812257265770431
25 150 0.7057052748895888 0 0.07431393254182124 0.7559169311613325 0.5592706423836771
26 156 0.4997543963570649 0 0.1302050501406861 0.7423010989871888 0.5257529868523366
27 162 0.3679755822682169 0 0.11861096295564012 0.6963505737007392 0.4686535864671502
28 168 0.27228609134673787 0 0.12924074705372973 0.6512040626288911 0.4153591820876755
29 174 0.22925129433446634 0 0.11239389854285604 0.6734786629319526 0.4459723812306182
30 180 0.2505135476977885 0 0.10483584995467951 0.6785831852039633 0.46438292777351375
31 186 0.22040031268584995 0 0.09402414600651637 0.6946237046658846 0.4797281692129631
32 192 0.2621003282458371 0 0.08143477065695504 0.7163781897063777 0.5100458233433092
33 198 0.3403303162714598 0 0.06941734738823675 0.7397376358203168 0.5431119537801833
34 204 0.4662389037413064 0 0.050432081425864056 0.786349502771976 0.625263304931917
35 210 0.4541491105528748 0 0.06529730526345622 0.7733501714058153 0.6098718267161002
36 216 0.3861360295774266 0 0.05322187937124839 0.7894962504265767 0.6327436359729461
37 222 0.3790426125885035 0 0.06311285737802297 0.7489631095292912 0.5619118501997264
38 228 0.3006313117383984 0 0.05828808240119175 0.7598742988505077 0.5799144042013181
39 234 0.2729327185851681 0 0.0521057207093037 0.7765009428127052 0.6075947185476628
40 240 0.23839725263835104 0 0.05044967336222553 0.7770908365637631 0.6066291141178521
41 246 0.25899570481575507 0 0.04689680909610831 0.7834598979215788 0.6140776147082313
42 252 0.18109209077787727 0 0.049425568019871836 0.7785246302608826 0.608035098872942
43 258 0.13457255641206275 0 0.04854538529754128 0.7807203554744886 0.6116732797209478
44 264 0.14593133711527576 0 0.04856986065708882 0.7796187291210009 0.6076655020495693
45 270 0.1163770036599703 0 0.04787455975477705 0.7818242729090318 0.6129042219968189
46 276 0.15542966266966615 0 0.04647237215199208 0.7854417536416001 0.6190095163363719
47 282 0.18030333401991636 0 0.04560878497919299 0.7883621778844502 0.624375373185077
48 288 0.2080471254668681 0 0.04460104788075969 0.7890436249851008 0.6235820906939152
49 294 0.25523061576221434 0 0.043787707311041556 0.7908429454790452 0.6260731411475482
50 300 0.3480804087736202 0 0.042320777780446586 0.7952406905028028 0.6343937139242798
51 306 0.2674421384126655 0 0.0439424564957798 0.7907568606182147 0.6265603948829832
52 312 0.24178921681131285 0 0.04278252517248438 0.793216682479621 0.6296742109999811
53 318 0.33728083503710476 0 0.04150029076025281 0.7966431844449596 0.6334308331346152
54 324 0.48472014432793464 0 0.04076151891156515 0.7985721328162121 0.6363451057515437
55 330 0.416848600589547 0 0.04151968267135419 0.7994230753773813 0.642666933069817
56 336 0.31117228057361124 0 0.041358472199625455 0.7987276923324337 0.6408778508895367
57 342 0.33998258349713556 0 0.041171165716621376 0.7997886069487727 0.6429581225400399
58 348 0.28663931561013817 0 0.04041821513265768 0.799593941432067 0.6409493045680763
59 354 0.2344152603420142 0 0.04052832731857715 0.79871003972877 0.6382645182088061
60 360 0.1846523557546355 0 0.04046890457327331 0.798895760128883 0.6387442323656809
61 366 0.20737819410896957 0 0.040402189409964206 0.7990614124437427 0.6379904814335904
62 372 0.18889303802147156 0 0.04026136064557996 0.7994556933821151 0.639787750034223
63 378 0.19872538729334974 0 0.04021694105746238 0.7994678191384523 0.6389542303169027
64 384 0.24069292642935403 0 0.04014425874726124 0.7997846506884119 0.6388934333625649
65 390 0.2835075983586379 0 0.040043039666794115 0.7999462646700493 0.6403781669344784
66 396 0.22640364535881496 0 0.040054786834651 0.7998654081799753 0.6398812109192592
67 402 0.24904086227223915 0 0.04000178390103961 0.7999972706612519 0.6400788291044861
68 408 0.23179130952708718 0 0.040006448839180905 0.7999989685459814 0.640244037617146
69 414 0.24016525685749746 0 0.04001530470065059 0.7999618553324689 0.6399176677282873
70 420 0.19811106824722408 0 0.0400465913533846 0.799889430950529 0.6399764480238347
71 426 0.1479977777476714 0 0.04002333035611324 0.7999996010263356 0.6395180014186767
72 432 0.1077242928230857 0 0.04000670260910759 0.7999883891692845 0.6398379605454725
73 438 0.10861566039994754 0 0.04000142734167263 0.7999971576263502 0.6400493395124173
74 444 0.11379517047944025 0 0.04000240463429362 0.7999999855650395 0.6401548594501816
75 450 0.1332513030519054 0 0.04001034349552717 0.7999967785808022 0.6396939318405053
76 456 0.1234622215912121 0 0.040004659248602366 0.7999883636899385 0.6399881563836057
77 462 0.11936424217753494 0 0.04000824239599766 0.7999918509994375 0.6402101819460911
78 468 0.12113358579218153 0 0.040001844629864725 0.7999961534802688 0.6399385276678172
79 474 0.09213875280265857 0 0.04000166305211308 0.7999990546283569 0.640111840948869
80 480 0.08052867744640384 0 0.04000139251725977 0.7999994106057957 0.6398915042276437
81 486 0.06104804635884777 0 0.04000115559649602 0.799998093462043 0.6400596374746235
82 492 0.05210380445150617 0 0.0400001084946905 0.7999998236340603 0.6400191981337034
83 498 0.040452681886842694 0 0.04000001633156986 0.799999988645962 0.6400108399892466
84 504 0.034482727200910876 0 0.04000012550882218 0.7999998465104794 0.6400250749599095
85 510 0.024276205258819634 0 0.040000038045773366 0.799999911081992 0.6400048362472888
86 516 0.023690591699814127 0 0.04000002924319723 0.7999999573102663 0.6400109622457939
87 522 0.02123278667439013 0 0.04000000032290401 0.7999999991997767 0.6399998309491636
88 528 0.018506174490428406 0 0.04000000245260225 0.7999999957952889 0.6399972170919976
89 534 0.016933695992485592 0 0.0400000042648854 0.7999999986774718 0.6399938857042047
90 540 0.014501704901357913 0 0.04000000101954263 0.7999999990970984 0.6400025644508981
91 546 0.012716004648959472 0 0.04000000294426315 0.7999999949407518 0.6400030259847012
92 552 0.011945840251272754 0 0.04000000045072335 0.7999999997177059 0.6400018374974309
93 558 0.011828110162036285 0 0.04000000206564206 0.7999999976891676 0.6399966179760015
94 564 0.009611070597818983 0 0.040000000923017046 0.7999999993193808 0.6400025499291726
95 570 0.008032678270626927 0 0.04000000060739592 0.7999999987652596 0.6399989326617241
96 576 0.007488055390716319 0 0.040000000450500346 0.7999999996893923 0.6400018057623083
97 582 0.005306075209674678 0 0.04000000011866191 0.7999999999721781 0.6400010369373329
98 588 0.0041862284301038555 0 0.04000000014606974 0.7999999996505925 0.6399997483084979
99 594 0.004160846101922711 0 0.04000000001450985 0.7999999999924378 0.6399996610932625
100 600 0.003547580586487471 0 0.0400000000334282 0.7999999999994503 0.640000576265589
101 606 0.002825996855778939 0 0.04000000003304439 0.7999999999748121 0.639999520697596
102 612 0.002413961163239158 0 0.0400000000199806 0.7999999999503536 0.6399999649831998
103 618 0.00208648763129655 0 0.04000000000634876 0.7999999999996851 0.640000249454766
104 624 0.0015426746380729501 0 0.04000000000389338 0.7999999999908328 0.6400000475782728
105 630 0.0015395209111225005 0 0.04000000000023586 0.7999999999994413 0.6399999888798428
106 636 0.0012543499545921008 0 0.04000000000097104 0.7999999999988352 0.6400000710698681
107 642 0.0009009501247426085 0 0.04000000000005272 0.7999999999999314 0.6400000159031849
108 648 0.0007101955201161907 0 0.040000000000018264 0.7999999999999545 0.6400000008742941
109 654 0.0005488874002202664 0 0.040000000000006426 0.7999999999999989 0.6400000077492247
110 660 0.00041848364095618877 0 0.04000000000006142 0.7999999999999625 0.6399999784539933
111 666 0.00035628527276216867 0 0.040000000000059044 0.7999999999998748 0.6399999905324983
112 672 0.0003262576302221567 0 0.040000000000011235 0.7999999999999815 0.6400000061928922
113 678 0.0002680153637716576 0 0.04000000000002145 0.7999999999999488 0.6399999969220036
114 684 0.00029809717844288367 0 0.04000000000001994 0.7999999999999822 0.6400000113172983
115 690 0.00022626594067542724 0 0.04000000000000395 0.799999999999999 0.6399999940269557
116 696 0.00016032793528803017 0 0.040000000000003984 0.7999999999999902 0.6399999993182233
117 702 0.0001352824042931766 0 0.04000000000000291 0.799999999999994 0.6400000022890713
118 708 0.00011969168660343185 0 0.04000000000000178 0.7999999999999974 0.6400000026952075
119 714 0.00010691613427087768 0 0.04000000000000213 0.7999999999999995 0.6400000043949242
120 720 8.52402267131617e-05 0 0.04000000000000092 0.7999999999999994 0.6400000025780521
121 726 0.00011814481775475521 0 0.040000000000000896 0.799999999999998 0.6399999989569516
122 732 0.00012797197809246954 0 0.040000000000000785 0.7999999999999982 0.6399999992905854
122 732 0.00012797197809246954 0 0.040000000000000785 0.7999999999999982 0.6399999992905854
