% # columns="iteration, evaluation, min max(neg(.)) min(pos(.)) max correlation, correlation matrix principal axes lengths  (sorted square roots of eigenvalues of correlation matrix)", seed=277225, Sat Aug  2 19:54:37 2025
1 6 -0.18328232916113377 -0.18328232916113377 -0.18328232916113377 -0.18328232916113377 0.9037243334329701 1.087787814401841
2 12 -0.18328232916113377 -0.18328232916113377 -0.18328232916113377 -0.18328232916113377 0.9037243334329701 1.087787814401841
3 18 -0.5433257050274463 -0.5433257050274463 -0.5433257050274463 -0.5433257050274463 0.6757768085489126 1.242306606690734
4 24 -0.5433257050274463 -0.5433257050274463 -0.5433257050274463 -0.5433257050274463 0.6757768085489126 1.242306606690734
5 30 -0.5399202410547909 -0.5399202410547909 -0.5399202410547909 -0.5399202410547909 0.678291794838482 1.2409352283881665
6 36 -0.5399202410547909 -0.5399202410547909 -0.5399202410547909 -0.5399202410547909 0.678291794838482 1.2409352283881665
7 42 -0.7445052606735536 -0.7445052606735536 -0.7445052606735536 -0.7445052606735536 0.505464874473436 1.3207972064906686
8 48 -0.7445052606735536 -0.7445052606735536 -0.7445052606735536 -0.7445052606735536 0.505464874473436 1.3207972064906686
9 54 -0.5964690431428532 -0.5964690431428532 -0.5964690431428532 -0.5964690431428532 0.6352408652292034 1.2635145599251532
10 60 -0.5964690431428532 -0.5964690431428532 -0.5964690431428532 -0.5964690431428532 0.6352408652292034 1.2635145599251532
11 66 -0.8821148649952929 -0.8821148649952929 -0.8821148649952929 -0.8821148649952929 0.3433440475743058 1.3719019152240048
12 72 -0.8821148649952929 -0.8821148649952929 -0.8821148649952929 -0.8821148649952929 0.3433440475743058 1.3719019152240048
13 78 -0.8137354014101459 -0.8137354014101459 -0.8137354014101459 -0.8137354014101459 0.43158382568147097 1.3467499401931102
14 84 -0.8137354014101459 -0.8137354014101459 -0.8137354014101459 -0.8137354014101459 0.43158382568147097 1.3467499401931102
15 90 -0.8684182766123978 -0.8684182766123978 -0.8684182766123978 -0.8684182766123978 0.36274195151319644 1.366900975423018
16 96 -0.8684182766123978 -0.8684182766123978 -0.8684182766123978 -0.8684182766123978 0.36274195151319644 1.366900975423018
17 102 -0.9288793398854365 -0.9288793398854365 -0.9288793398854365 -0.9288793398854365 0.2666845704471175 1.3888410059778031
18 108 -0.9288793398854365 -0.9288793398854365 -0.9288793398854365 -0.9288793398854365 0.2666845704471175 1.3888410059778031
19 114 -0.978543151316923 -0.978543151316923 -0.978543151316923 -0.978543151316923 0.14648156431127077 1.4066069640510541
20 120 -0.978543151316923 -0.978543151316923 -0.978543151316923 -0.978543151316923 0.14648156431127077 1.4066069640510541
21 126 -0.9806946937177327 -0.9806946937177327 -0.9806946937177327 -0.9806946937177327 0.13894353630978049 1.4073715549625596
22 132 -0.9806946937177327 -0.9806946937177327 -0.9806946937177327 -0.9806946937177327 0.13894353630978049 1.4073715549625596
23 138 -0.9753831130175995 -0.9753831130175995 -0.9753831130175995 -0.9753831130175995 0.15689769591170052 1.4054832311406633
24 144 -0.9753831130175995 -0.9753831130175995 -0.9753831130175995 -0.9753831130175995 0.15689769591170052 1.4054832311406633
25 150 -0.9743196481957207 -0.9743196481957207 -0.9743196481957207 -0.9743196481957207 0.16025090266291542 1.4051048530966366
26 156 -0.9743196481957207 -0.9743196481957207 -0.9743196481957207 -0.9743196481957207 0.16025090266291542 1.4051048530966366
27 162 -0.9812576347423838 -0.9812576347423838 -0.9812576347423838 -0.9812576347423838 0.13690275840031887 1.4075715380549523
28 168 -0.9812576347423838 -0.9812576347423838 -0.9812576347423838 -0.9812576347423838 0.13690275840031887 1.4075715380549523
29 174 -0.9780068024228372 -0.9780068024228372 -0.9780068024228372 -0.9780068024228372 0.14830103700636346 1.4064162976952583
30 180 -0.9780068024228372 -0.9780068024228372 -0.9780068024228372 -0.9780068024228372 0.14830103700636346 1.4064162976952583
31 186 -0.9664649856987924 -0.9664649856987924 -0.9664649856987924 -0.9664649856987924 0.18312567897814766 1.4023070226233598
32 192 -0.9664649856987924 -0.9664649856987924 -0.9664649856987924 -0.9664649856987924 0.18312567897814766 1.4023070226233598
33 198 -0.9756316322429144 -0.9756316322429144 -0.9756316322429144 -0.9756316322429144 0.15610370833867396 1.4055716389579418
34 204 -0.9756316322429144 -0.9756316322429144 -0.9756316322429144 -0.9756316322429144 0.15610370833867396 1.4055716389579418
35 210 -0.9262712543311907 -0.9262712543311907 -0.9262712543311907 -0.9262712543311907 0.2715303770645361 1.387901745200715
36 216 -0.9262712543311907 -0.9262712543311907 -0.9262712543311907 -0.9262712543311907 0.2715303770645361 1.387901745200715
37 222 -0.9218206661678358 -0.9218206661678358 -0.9218206661678358 -0.9218206661678358 0.27960567560792493 1.386297466696032
38 228 -0.9218206661678358 -0.9218206661678358 -0.9218206661678358 -0.9218206661678358 0.27960567560792493 1.386297466696032
39 234 -0.931216767694736 -0.931216767694736 -0.931216767694736 -0.931216767694736 0.2622655759059198 1.3896822542202716
40 240 -0.931216767694736 -0.931216767694736 -0.931216767694736 -0.931216767694736 0.2622655759059198 1.3896822542202716
41 246 -0.9455344339539129 -0.9455344339539129 -0.9455344339539129 -0.9455344339539129 0.2333785895194482 1.3948241587934707
42 252 -0.9455344339539129 -0.9455344339539129 -0.9455344339539129 -0.9455344339539129 0.2333785895194482 1.3948241587934707
43 258 -0.891614107797193 -0.891614107797193 -0.891614107797193 -0.891614107797193 0.3292201272747567 1.3753596285325498
44 264 -0.891614107797193 -0.891614107797193 -0.891614107797193 -0.891614107797193 0.3292201272747567 1.3753596285325498
45 270 -0.912473400955854 -0.912473400955854 -0.912473400955854 -0.912473400955854 0.2958489463292811 1.382922051655788
46 276 -0.912473400955854 -0.912473400955854 -0.912473400955854 -0.912473400955854 0.2958489463292811 1.382922051655788
47 282 -0.9210535162744429 -0.9210535162744429 -0.9210535162744429 -0.9210535162744429 0.2809741691429253 1.3860207488614458
48 288 -0.9210535162744429 -0.9210535162744429 -0.9210535162744429 -0.9210535162744429 0.2809741691429253 1.3860207488614458
49 294 -0.8719211485937666 -0.8719211485937666 -0.8719211485937666 -0.8719211485937666 0.35788105762422423 1.3681816942912832
50 300 -0.8719211485937666 -0.8719211485937666 -0.8719211485937666 -0.8719211485937666 0.35788105762422423 1.3681816942912832
51 306 -0.9009298135076904 -0.9009298135076904 -0.9009298135076904 -0.9009298135076904 0.3147541683477914 1.3787421127635475
52 312 -0.9009298135076904 -0.9009298135076904 -0.9009298135076904 -0.9009298135076904 0.3147541683477914 1.3787421127635475
53 318 -0.9155347652015081 -0.9155347652015081 -0.9155347652015081 -0.9155347652015081 0.29062903295867004 1.3840284553438589
54 324 -0.9155347652015081 -0.9155347652015081 -0.9155347652015081 -0.9155347652015081 0.29062903295867004 1.3840284553438589
55 330 -0.8809430892580283 -0.8809430892580283 -0.8809430892580283 -0.8809430892580283 0.345046244352799 1.3714747862275953
56 336 -0.8809430892580283 -0.8809430892580283 -0.8809430892580283 -0.8809430892580283 0.345046244352799 1.3714747862275953
57 342 -0.9145769081969385 -0.9145769081969385 -0.9145769081969385 -0.9145769081969385 0.2922722905153026 1.3836823725830065
58 348 -0.9145769081969385 -0.9145769081969385 -0.9145769081969385 -0.9145769081969385 0.2922722905153026 1.3836823725830065
59 354 -0.8212138286449762 -0.8212138286449762 -0.8212138286449762 -0.8212138286449762 0.4228311381095579 1.3495235561652774
60 360 -0.8212138286449762 -0.8212138286449762 -0.8212138286449762 -0.8212138286449762 0.4228311381095579 1.3495235561652774
61 366 -0.823458456952759 -0.823458456952759 -0.823458456952759 -0.823458456952759 0.4201684698394691 1.3503549373971122
62 372 -0.823458456952759 -0.823458456952759 -0.823458456952759 -0.823458456952759 0.4201684698394691 1.3503549373971122
63 378 -0.7580600232004852 -0.7580600232004852 -0.7580600232004852 -0.7580600232004852 0.4918739440136211 1.3259185582834585
64 384 -0.7580600232004852 -0.7580600232004852 -0.7580600232004852 -0.7580600232004852 0.4918739440136211 1.3259185582834585
65 390 -0.7960899434486589 -0.7960899434486589 -0.7960899434486589 -0.7960899434486589 0.45156401157680953 1.3401828022507447
66 396 -0.7960899434486589 -0.7960899434486589 -0.7960899434486589 -0.7960899434486589 0.45156401157680953 1.3401828022507447
67 402 -0.6482010468720124 -0.6482010468720124 -0.6482010468720124 -0.6482010468720124 0.5931264225508652 1.2838228253431283
68 408 -0.6482010468720124 -0.6482010468720124 -0.6482010468720124 -0.6482010468720124 0.5931264225508652 1.2838228253431283
69 414 -0.6940818109660633 -0.6940818109660633 -0.6940818109660633 -0.6940818109660633 0.5530987154513529 1.3015689804870363
70 420 -0.6940818109660633 -0.6940818109660633 -0.6940818109660633 -0.6940818109660633 0.5530987154513529 1.3015689804870363
71 426 -0.7528383670127345 -0.7528383670127345 -0.7528383670127345 -0.7528383670127345 0.4971535305992159 1.3239480227760962
72 432 -0.7528383670127345 -0.7528383670127345 -0.7528383670127345 -0.7528383670127345 0.4971535305992159 1.3239480227760962
73 438 -0.7679227316303217 -0.7679227316303217 -0.7679227316303217 -0.7679227316303217 0.4817439863347317 1.3296325551182633
74 444 -0.7679227316303217 -0.7679227316303217 -0.7679227316303217 -0.7679227316303217 0.4817439863347317 1.3296325551182633
75 450 -0.7213587120325928 -0.7213587120325928 -0.7213587120325928 -0.7213587120325928 0.5278648387299603 1.3120056067077583
76 456 -0.7213587120325928 -0.7213587120325928 -0.7213587120325928 -0.7213587120325928 0.5278648387299603 1.3120056067077583
77 462 -0.6529178592179343 -0.6529178592179343 -0.6529178592179343 -0.6529178592179343 0.5891367759545026 1.2856585313441258
78 468 -0.6529178592179343 -0.6529178592179343 -0.6529178592179343 -0.6529178592179343 0.5891367759545026 1.2856585313441258
79 474 -0.4973984288847549 -0.4973984288847549 -0.4973984288847549 -0.4973984288847549 0.7089439830587781 1.2236823235156888
80 480 -0.4973984288847549 -0.4973984288847549 -0.4973984288847549 -0.4973984288847549 0.7089439830587781 1.2236823235156888
81 486 -0.25468911835265684 -0.25468911835265684 -0.25468911835265684 -0.25468911835265684 0.8633138952011272 1.1201290632568448
82 492 -0.25468911835265684 -0.25468911835265684 -0.25468911835265684 -0.25468911835265684 0.8633138952011272 1.1201290632568448
83 498 -0.12893041537322344 -0.12893041537322344 -0.12893041537322344 -0.12893041537322344 0.9333110867373091 1.062511371879484
84 504 -0.12893041537322344 -0.12893041537322344 -0.12893041537322344 -0.12893041537322344 0.9333110867373091 1.062511371879484
85 510 -0.1790512546802152 -0.1790512546802152 -0.1790512546802152 -0.1790512546802152 0.9060622193424603 1.08584126587647
86 516 -0.1790512546802152 -0.1790512546802152 -0.1790512546802152 -0.1790512546802152 0.9060622193424603 1.08584126587647
87 522 -0.25753003125958457 -0.25753003125958457 -0.25753003125958457 -0.25753003125958457 0.8616669709002519 1.1213964647971673
88 528 -0.25753003125958457 -0.25753003125958457 -0.25753003125958457 -0.25753003125958457 0.8616669709002519 1.1213964647971673
89 534 -0.12162499601999481 -0.12162499601999481 -0.12162499601999481 -0.12162499601999481 0.9372166259622186 1.059067984607218
90 540 -0.12162499601999481 -0.12162499601999481 -0.12162499601999481 -0.12162499601999481 0.9372166259622186 1.059067984607218
91 546 0.2991388396407439 0.2991388396407439 0.2991388396407439 0.2991388396407439 0.8371745100988539 1.1397977187381734
92 552 0.2991388396407439 0.2991388396407439 0.2991388396407439 0.2991388396407439 0.8371745100988539 1.1397977187381734
93 558 0.33252016938790907 0.33252016938790907 0.33252016938790907 0.33252016938790907 0.8169943883602204 1.1543483743601446
94 564 0.33252016938790907 0.33252016938790907 0.33252016938790907 0.33252016938790907 0.8169943883602204 1.1543483743601446
95 570 0.30562535563096477 0.30562535563096477 0.30562535563096477 0.30562535563096477 0.8332914522356719 1.1426396438208175
96 576 0.30562535563096477 0.30562535563096477 0.30562535563096477 0.30562535563096477 0.8332914522356719 1.1426396438208175
97 582 0.10309072517971446 0.10309072517971446 0.10309072517971446 0.10309072517971446 0.9470529419310653 1.0502812600345273
98 588 0.10309072517971446 0.10309072517971446 0.10309072517971446 0.10309072517971446 0.9470529419310653 1.0502812600345273
99 594 -0.020121777174554916 -0.020121777174554916 -0.020121777174554916 -0.020121777174554916 0.9898879849889305 1.0100107807219458
100 600 -0.020121777174554916 -0.020121777174554916 -0.020121777174554916 -0.020121777174554916 0.9898879849889305 1.0100107807219458
101 606 0.17809855943970535 0.17809855943970535 0.17809855943970535 0.17809855943970535 0.9065878008005042 1.085402487301234
102 612 0.17809855943970535 0.17809855943970535 0.17809855943970535 0.17809855943970535 0.9065878008005042 1.085402487301234
103 618 0.20481470453201212 0.20481470453201212 0.20481470453201212 0.20481470453201212 0.8917316274911348 1.0976405169872385
104 624 0.20481470453201212 0.20481470453201212 0.20481470453201212 0.20481470453201212 0.8917316274911348 1.0976405169872385
105 630 0.36123071230125625 0.36123071230125625 0.36123071230125625 0.36123071230125625 0.7992304346674644 1.1667179231936295
106 636 0.36123071230125625 0.36123071230125625 0.36123071230125625 0.36123071230125625 0.7992304346674644 1.1667179231936295
107 642 0.3804074919593533 0.3804074919593533 0.3804074919593533 0.3804074919593533 0.7871419872174567 1.174907439741256
108 648 0.3804074919593533 0.3804074919593533 0.3804074919593533 0.3804074919593533 0.7871419872174567 1.174907439741256
109 654 0.39030394789524564 0.39030394789524564 0.39030394789524564 0.39030394789524564 0.7808303606448423 1.1791115078291983
110 660 0.39030394789524564 0.39030394789524564 0.39030394789524564 0.39030394789524564 0.7808303606448423 1.1791115078291983
111 666 0.33470001854566894 0.33470001854566894 0.33470001854566894 0.33470001854566894 0.8156592312076969 1.1552921788645802
112 672 0.33470001854566894 0.33470001854566894 0.33470001854566894 0.33470001854566894 0.8156592312076969 1.1552921788645802
113 678 0.015274660220947903 0.015274660220947903 0.015274660220947903 0.015274660220947903 0.9923332805963186 1.0076083863391312
114 684 0.015274660220947903 0.015274660220947903 0.015274660220947903 0.015274660220947903 0.9923332805963186 1.0076083863391312
115 690 -0.08694774421011796 -0.08694774421011796 -0.08694774421011796 -0.08694774421011796 0.9555376788959619 1.0425678607218418
116 696 -0.08694774421011796 -0.08694774421011796 -0.08694774421011796 -0.08694774421011796 0.9555376788959619 1.0425678607218418
117 702 -0.22433685496555628 -0.22433685496555628 -0.22433685496555628 -0.22433685496555628 0.8807174036173258 1.1064975621146014
118 708 -0.22433685496555628 -0.22433685496555628 -0.22433685496555628 -0.22433685496555628 0.8807174036173258 1.1064975621146014
119 714 0.09903208984987644 0.09903208984987644 0.09903208984987644 0.09903208984987644 0.949193294408533 1.0483473135606713
120 720 0.09903208984987644 0.09903208984987644 0.09903208984987644 0.09903208984987644 0.949193294408533 1.0483473135606713
121 726 0.16640789182094132 0.16640789182094132 0.16640789182094132 0.16640789182094132 0.9130126549939264 1.080003653614626
122 732 0.16640789182094132 0.16640789182094132 0.16640789182094132 0.16640789182094132 0.9130126549939264 1.080003653614626
123 738 0.3717168546527216 0.3717168546527216 0.3717168546527216 0.3717168546527216 0.7926431387120426 1.171203165404159
124 744 0.3717168546527216 0.3717168546527216 0.3717168546527216 0.3717168546527216 0.7926431387120426 1.171203165404159
125 750 0.4986895315684907 0.4986895315684907 0.4986895315684907 0.4986895315684907 0.7080328159284068 1.2242097579943114
126 756 0.4986895315684907 0.4986895315684907 0.4986895315684907 0.4986895315684907 0.7080328159284068 1.2242097579943114
127 762 0.5027166898714082 0.5027166898714082 0.5027166898714082 0.5027166898714082 0.7051831748762813 1.225853453668671
128 768 0.5027166898714082 0.5027166898714082 0.5027166898714082 0.5027166898714082 0.7051831748762813 1.225853453668671
129 774 0.43425777278005695 0.43425777278005695 0.43425777278005695 0.43425777278005695 0.7521583790797941 1.1976050153452336
129 774 0.43425777278005695 0.43425777278005695 0.43425777278005695 0.43425777278005695 0.7521583790797941 1.1976050153452336
