% # columns="iteration, evaluation, sigma, max axis length,  min axis length, all principal axes lengths  (sorted square roots of eigenvalues of C)", seed=632074, Fri Dec 12 01:35:43 2025
1 6 0.7633835832020617 1.0000250003125026 1.0 1.0 1.0000250003125026
2 12 0.5881118493834486 0.9782027676683723 0.7700126755180846 0.7700126755180846 0.9782027676683723
3 18 0.4776749661670631 0.7926553648158968 0.7298592537447167 0.7298592537447167 0.7926553648158968
4 24 0.39122117808283396 0.742751083194515 0.6552497619615565 0.6552497619615565 0.742751083194515
5 30 0.43836228138808575 0.6887050614482622 0.5506854663698844 0.5506854663698844 0.6887050614482622
6 36 0.43920110315547334 0.8361523132317281 0.4355464087183827 0.4355464087183827 0.8361523132317281
7 42 0.3549386963809832 0.8656534759760284 0.3643023070797256 0.3643023070797256 0.8656534759760284
8 48 0.27349612415737523 0.7385922803519048 0.34588501392368637 0.34588501392368637 0.7385922803519048
9 54 0.2042374594897673 0.6864056944345467 0.2907154304586037 0.2907154304586037 0.6864056944345467
10 60 0.17967581129526966 0.6566819268038437 0.23233081811511688 0.23233081811511688 0.6566819268038437
11 66 0.1418362693236803 0.5920713815592313 0.21035052960083053 0.21035052960083053 0.5920713815592313
12 72 0.18172104989522825 0.5082167130673341 0.1948672404502541 0.1948672404502541 0.5082167130673341
13 78 0.14613313571848313 0.5142307011847801 0.22649079307636208 0.22649079307636208 0.5142307011847801
14 84 0.11273988487311334 0.478026102034316 0.18933422618792609 0.18933422618792609 0.478026102034316
15 90 0.10555871285510182 0.39442464948804773 0.17798943466825237 0.17798943466825237 0.39442464948804773
16 96 0.09077947508559803 0.3221842951242364 0.18556592383620718 0.18556592383620718 0.3221842951242364
17 102 0.07104875391697892 0.2801909284427131 0.17700288900910086 0.17700288900910086 0.2801909284427131
18 108 0.06490718390574703 0.2671442723803618 0.14471222372678996 0.14471222372678996 0.2671442723803618
19 114 0.0682007989859924 0.24906752669153281 0.13885560741448238 0.13885560741448238 0.24906752669153281
20 120 0.06569791777876664 0.23703497032850535 0.14203320588620605 0.14203320588620605 0.23703497032850535
21 126 0.05910008144666759 0.20305392192088437 0.15157679530959337 0.15157679530959337 0.20305392192088437
22 132 0.07726844360191543 0.20351833462774013 0.14071281547169912 0.14071281547169912 0.20351833462774013
23 138 0.07331465469995471 0.2641292127108321 0.12467013074646358 0.12467013074646358 0.2641292127108321
24 144 0.08450576386451185 0.21818292900382635 0.12235524199651604 0.12235524199651604 0.21818292900382635
25 150 0.08932215357659729 0.23870695287706836 0.1100219676126624 0.1100219676126624 0.23870695287706836
26 156 0.13693525066439888 0.2617488697918065 0.08722587562843997 0.08722587562843997 0.2617488697918065
27 162 0.22555862709660643 0.2786056642107385 0.08578214099727224 0.08578214099727224 0.2786056642107385
28 168 0.23935182859255805 0.2756245517398374 0.09643988606378641 0.09643988606378641 0.2756245517398374
29 174 0.40988227442834035 0.25052337356108456 0.08200577265354922 0.08200577265354922 0.25052337356108456
30 180 0.48421221277449195 0.2841930489208374 0.07505595249356271 0.07505595249356271 0.2841930489208374
31 186 0.5749907677593551 0.23628887721340358 0.07539505003966637 0.07539505003966637 0.23628887721340358
32 192 0.5271311778386588 0.24176468198756432 0.07063268852871797 0.07063268852871797 0.24176468198756432
33 198 0.68318028545571 0.2232171328952838 0.06012949567515108 0.06012949567515108 0.2232171328952838
34 204 0.7550114751743877 0.2658208733847009 0.05476343361462836 0.05476343361462836 0.2658208733847009
35 210 0.9326542143715272 0.2527930950177269 0.052328022703212566 0.052328022703212566 0.2527930950177269
36 216 1.313962722014407 0.27121512007940957 0.04922656109137865 0.04922656109137865 0.27121512007940957
37 222 1.4524641185849458 0.33591619144672213 0.04439774375768144 0.04439774375768144 0.33591619144672213
38 228 1.325150788493385 0.2995307191039823 0.04348434182237786 0.04348434182237786 0.2995307191039823
39 234 1.0400987214119382 0.27780442351796136 0.03814661630934891 0.03814661630934891 0.27780442351796136
40 240 0.7590116104320729 0.21876571485792604 0.036646119117852254 0.036646119117852254 0.21876571485792604
41 246 0.6662093478993937 0.1851578715333877 0.03310941315582939 0.03310941315582939 0.1851578715333877
42 252 0.572292536069838 0.17828137176201925 0.029871550022609838 0.029871550022609838 0.17828137176201925
43 258 0.4930401587183054 0.17102859859113592 0.025184605663063384 0.025184605663063384 0.17102859859113592
44 264 0.4825078562498451 0.1548449788673828 0.023585112774126532 0.023585112774126532 0.1548449788673828
45 270 0.5628282534162194 0.1520483027200542 0.02105551637496753 0.02105551637496753 0.1520483027200542
46 276 0.6059281738375633 0.13180059175785633 0.025761897745816692 0.025761897745816692 0.13180059175785633
47 282 0.7079643519098215 0.12694507126795482 0.02458700329446154 0.02458700329446154 0.12694507126795482
48 288 0.6081779152294804 0.10699395336270863 0.0279686190083255 0.0279686190083255 0.10699395336270863
49 294 0.5100418671337446 0.09221817442247575 0.028228530145912235 0.028228530145912235 0.09221817442247575
50 300 0.40274135837617847 0.09069919208317746 0.022736976823406 0.022736976823406 0.09069919208317746
51 306 0.34451425910265393 0.07475292762630416 0.021470786324330755 0.021470786324330755 0.07475292762630416
52 312 0.306342974498095 0.06573101759213333 0.020140008965342505 0.020140008965342505 0.06573101759213333
53 318 0.2379174295385157 0.0654733862480764 0.016406510575399557 0.016406510575399557 0.0654733862480764
54 324 0.2568046838434892 0.060198649732350125 0.014670905969162816 0.014670905969162816 0.060198649732350125
55 330 0.2528056447162592 0.061043858147584396 0.014119573992030942 0.014119573992030942 0.061043858147584396
56 336 0.18025416038296496 0.05811041778655724 0.014427599566905246 0.014427599566905246 0.05811041778655724
57 342 0.18741764259245144 0.050069208858934906 0.013170116352368375 0.013170116352368375 0.050069208858934906
58 348 0.21227431964426838 0.04732305605462271 0.013567458639763783 0.013567458639763783 0.04732305605462271
59 354 0.23236521302859459 0.044391831555778444 0.013521349999965352 0.013521349999965352 0.044391831555778444
60 360 0.26397969820200257 0.04820836322420709 0.012037103038684828 0.012037103038684828 0.04820836322420709
61 366 0.21378936076442773 0.053142830835400126 0.010598539324852455 0.010598539324852455 0.053142830835400126
62 372 0.20815648470669265 0.05114214620888756 0.008792820252735437 0.008792820252735437 0.05114214620888756
63 378 0.19355950248776102 0.05413354132627671 0.007226202670475875 0.007226202670475875 0.05413354132627671
64 384 0.21373239574446512 0.04822815014645214 0.007225674718800709 0.007225674718800709 0.04822815014645214
65 390 0.17948594754475802 0.04734833554158195 0.007152367235560423 0.007152367235560423 0.04734833554158195
66 396 0.14385396591300906 0.0465514760174651 0.005530442148233033 0.005530442148233033 0.0465514760174651
67 402 0.1261322195938173 0.0405968893114699 0.005081676629230522 0.005081676629230522 0.0405968893114699
68 408 0.10583829855967075 0.033083970379741874 0.005080569944843544 0.005080569944843544 0.033083970379741874
69 414 0.08337865375375056 0.03193755158082204 0.004156434974104815 0.004156434974104815 0.03193755158082204
70 420 0.059921234174282634 0.028515679774318403 0.0037199733471511196 0.0037199733471511196 0.028515679774318403
71 426 0.05542051028100221 0.024883701922432368 0.003265376772288725 0.003265376772288725 0.024883701922432368
72 432 0.04894332380185383 0.023942086494387265 0.0029702746421576107 0.0029702746421576107 0.023942086494387265
73 438 0.03953671602261256 0.024205739374404588 0.0024983133369276874 0.0024983133369276874 0.024205739374404588
74 444 0.034788055176163686 0.01948901363031744 0.0023844628908314845 0.0023844628908314845 0.01948901363031744
75 450 0.02718892031379556 0.015796513464572403 0.0024039876981580897 0.0024039876981580897 0.015796513464572403
76 456 0.02916203152438116 0.014605244988247088 0.0020366563223539755 0.0020366563223539755 0.014605244988247088
77 462 0.026163457910038955 0.013232122894532627 0.002228986418594018 0.002228986418594018 0.013232122894532627
78 468 0.024289372076836045 0.013018398492640703 0.0018913602591366164 0.0018913602591366164 0.013018398492640703
79 474 0.021239920847704524 0.013529148718393575 0.0015329550103035962 0.0015329550103035962 0.013529148718393575
80 480 0.01754661460554932 0.012228112892333406 0.0013736454583321838 0.0013736454583321838 0.012228112892333406
81 486 0.015882191412371037 0.010110031221449059 0.0013057318028165078 0.0013057318028165078 0.010110031221449059
82 492 0.015149520248497667 0.009439747590103608 0.0012237459243948723 0.0012237459243948723 0.009439747590103608
83 498 0.012820598934887118 0.009466700191539605 0.0010607625582948305 0.0010607625582948305 0.009466700191539605
84 504 0.010608664807253807 0.008556873010584368 0.0009571570509436057 0.0009571570509436057 0.008556873010584368
85 510 0.009221128178904647 0.007638795917182601 0.0008445866728818066 0.0008445866728818066 0.007638795917182601
86 516 0.007461380906729612 0.006088402508860678 0.0008619808635461196 0.0008619808635461196 0.006088402508860678
87 522 0.006195398639097717 0.006002450491008246 0.0006727060975995428 0.0006727060975995428 0.006002450491008246
88 528 0.005315074805495255 0.005195524746495846 0.0006325634166036523 0.0006325634166036523 0.005195524746495846
89 534 0.004145414676483833 0.0044937712329807325 0.0005873216130924606 0.0005873216130924606 0.0044937712329807325
90 540 0.0037887077950892836 0.004273081186132529 0.0005061897411692627 0.0005061897411692627 0.004273081186132529
91 546 0.003390073867824625 0.00415348230004209 0.0004502261339463853 0.0004502261339463853 0.00415348230004209
92 552 0.0028743890090699256 0.003601846592604204 0.00043339208886809436 0.00043339208886809436 0.003601846592604204
93 558 0.002240593591405016 0.0031175154438860585 0.0004216981826616308 0.0004216981826616308 0.0031175154438860585
94 564 0.0017582499376079745 0.002938604962072806 0.00034251811570944836 0.00034251811570944836 0.002938604962072806
95 570 0.0015723837601790858 0.002709473838966526 0.000290859158122603 0.000290859158122603 0.002709473838966526
96 576 0.0012397286669848467 0.0025552032012029734 0.00025338452563415404 0.00025338452563415404 0.0025552032012029734
97 582 0.0010519462499205582 0.002390371744977728 0.00021392305754714568 0.00021392305754714568 0.002390371744977728
98 588 0.0008081510244462621 0.0023010339215092353 0.0001841362192663709 0.0001841362192663709 0.0023010339215092353
99 594 0.0006155257950366451 0.00223200467295021 0.00014510499496549821 0.00014510499496549821 0.00223200467295021
100 600 0.0005050549272099745 0.0019464695727879051 0.00012945979672373677 0.00012945979672373677 0.0019464695727879051
101 606 0.0004225850637518115 0.0016991608328557587 0.00011687680785309498 0.00011687680785309498 0.0016991608328557587
102 612 0.00035846144965990336 0.001497526823181592 0.00010699846785015446 0.00010699846785015446 0.001497526823181592
103 618 0.00029752893865474673 0.0013057277123063682 0.00010538907337427069 0.00010538907337427069 0.0013057277123063682
104 624 0.00023434226089322097 0.0011390638927384915 0.00010025516687984312 0.00010025516687984312 0.0011390638927384915
105 630 0.00020567614689007743 0.0009315829929738087 9.506445866824687e-05 9.506445866824687e-05 0.0009315829929738087
106 636 0.00021320521396674686 0.000762245487129036 9.67085642265808e-05 9.67085642265808e-05 0.000762245487129036
107 642 0.00022969400936982603 0.000874488031352116 7.718138331229726e-05 7.718138331229726e-05 0.000874488031352116
108 648 0.00018428126047030286 0.0008802231445451298 7.27410012852702e-05 7.27410012852702e-05 0.0008802231445451298
109 654 0.0001850671681769279 0.0008217461354924133 5.940475305401716e-05 5.940475305401716e-05 0.0008217461354924133
110 660 0.0001434749586553354 0.0006913299713259478 6.500877584491286e-05 6.500877584491286e-05 0.0006913299713259478
111 666 0.00013330613596963513 0.0006433397753621877 5.4212466906242803e-05 5.4212466906242803e-05 0.0006433397753621877
112 672 0.0001269309001668597 0.0005731536265273689 5.287609217214649e-05 5.287609217214649e-05 0.0005731536265273689
112 672 0.0001269309001668597 0.0005731536265273689 5.287609217214649e-05 5.287609217214649e-05 0.0005731536265273689
