% # columns="iter, evals, sigma, 0, fitness, xbest" seed=261696, Wed Jul 23 01:00:11 2025, <python>{}</python>
1 6 1.0687565111910844 0 0.07438648950792062 0.7973077474764383 0.6174507153749654
2 12 1.0940846933273514 0 2.446511629954478 0.7803162416141622 0.7637563013022709
3 18 0.8837178368073769 0 1.4572945335302518 -0.11295723619434883 -0.03399755789065484
4 24 0.6789639283337903 0 1.5668863942620694 0.5731018287169799 0.44611661776117056
5 30 0.6074991732549141 0 7.111000831140164 0.7017406806222817 0.7574313451436858
6 36 0.5101682424663637 0 1.9252994337568774 0.7830552891752777 0.7502242789382576
7 42 0.5594262897329788 0 0.3666828626874755 0.6773123832783706 0.5099922406447722
8 48 0.603791381660774 0 0.33818801483203464 0.7268019939783785 0.4769039331960985
9 54 0.5536457175075512 0 0.07908405081182993 0.793339906035949 0.6484606097070998
10 60 0.4041477945737858 0 0.1835197945948341 0.7967652106662968 0.5971233417944021
11 66 0.29437248444630265 0 0.1206274509082974 0.7845316877613212 0.5882501347905833
12 72 0.2686338489738549 0 0.2643021277194459 0.7920202218656356 0.6743116185794092
13 78 0.20467610222265323 0 0.06490205888751482 0.7818810932262903 0.6245009468902736
14 84 0.15593669745600225 0 0.05466900463256989 0.7825489776385355 0.6209759562878101
15 90 0.1168313325858996 0 0.05639198183136082 0.7720175194032435 0.6026563270636177
16 96 0.0913402791498611 0 0.05168613750816511 0.7726729851236306 0.5967308677940273
17 102 0.07464839812033079 0 0.0496010591565159 0.7772883059596158 0.6042519767406944
18 108 0.05946697637387022 0 0.05031335071204785 0.7790576508901217 0.6030606437222852
19 114 0.0717512638359102 0 0.04611900575152349 0.7859269274064025 0.6193891321248657
20 120 0.07770245117028107 0 0.04482278043306253 0.7884193502336105 0.6223561315906831
21 126 0.08575828732059768 0 0.0428523369424527 0.7935030824549655 0.6311009643679436
22 132 0.060551109900827314 0 0.04672554771361729 0.783975238078532 0.6153843111335087
23 138 0.11111257430196711 0 0.0433227656958669 0.7949468191701479 0.628368388859816
24 144 0.13767186760914285 0 0.040731940927925155 0.7982135120984601 0.6367685898407036
25 150 0.11831528875868236 0 0.04127350058892477 0.7973112619525241 0.6370864654998124
26 156 0.09543285026042911 0 0.042139724804128045 0.7961382040354353 0.6362445518102078
27 162 0.09718544290155672 0 0.040954753752199084 0.7983953343215114 0.6391966788512801
28 168 0.07538561188950625 0 0.04137815237620164 0.7986953203181865 0.640837531845529
29 174 0.06980311042997082 0 0.04099448098085389 0.797741313922892 0.6354643550455037
30 180 0.07790498669915594 0 0.04050554416617307 0.7992415166206613 0.6402067748205343
31 186 0.07988342120469737 0 0.04030715163415296 0.7997160027773788 0.6409366275509634
32 192 0.05736489035331001 0 0.0403400522290166 0.7991877867649603 0.6390820022847559
33 198 0.04729604792462266 0 0.04038865302685451 0.7994035768757111 0.640269712885129
34 204 0.04073624067616368 0 0.04027840631774575 0.7993560483199031 0.6394218770223346
35 210 0.06053470537535476 0 0.04016371540427023 0.7996308280573068 0.6390105835132843
36 216 0.0657008004773151 0 0.0401787332263685 0.7996225321497253 0.6388708025980411
37 222 0.09637544283970739 0 0.040012212967560544 0.7999821749123303 0.6397460336259496
38 228 0.10338484477322693 0 0.040001051282587484 0.7999974365528665 0.6400119910866024
39 234 0.08201397558700116 0 0.040120129527373365 0.7997545507750655 0.6400752046286381
40 240 0.06456589025153434 0 0.040013565398582904 0.7999698659766104 0.6398288685643865
41 246 0.04840720693035992 0 0.04003906331825047 0.7999047168224647 0.6397505524715713
42 252 0.058997342516629525 0 0.04000506919466817 0.7999941726005528 0.639825201093069
43 258 0.07888088899271915 0 0.04000779326918535 0.7999810860784642 0.6399220576014659
44 264 0.07904335559724904 0 0.04001316286471249 0.7999873828379123 0.6396949295539027
45 270 0.0714718866582562 0 0.04000705577914388 0.799986001332862 0.6400982719736897
46 276 0.07748111390759321 0 0.04002936313670192 0.7999438458064833 0.6401728027077134
47 282 0.06647061967289167 0 0.04000904798094209 0.7999976740304592 0.6402811922606834
48 288 0.05247885556316554 0 0.040003947434332 0.7999906497637915 0.6399395147249589
49 294 0.04501512402975956 0 0.040000841898602764 0.7999994907334413 0.6399192982712126
50 300 0.035406100403146165 0 0.04000149908901467 0.7999986586638619 0.6400959636372039
51 306 0.028629381246888255 0 0.04000206859206325 0.7999986770510839 0.6401219562759763
52 312 0.02158874314230207 0 0.0400019856724322 0.7999967614065896 0.6400778980166615
53 318 0.02444261459857334 0 0.040000206979703454 0.7999999952091738 0.6399547084111584
54 324 0.021259267359826486 0 0.0400003649720042 0.7999993192895811 0.6400293554648392
55 330 0.015916896802186626 0 0.04000013048243197 0.799999926522651 0.639968087548772
56 336 0.01333026574634839 0 0.040000198032889955 0.7999995184145472 0.6400065768963302
57 342 0.013037953388676523 0 0.04000010668313751 0.7999999225223967 0.6399723638403275
58 348 0.009996874110920114 0 0.04000007114942527 0.799999858050063 0.6399877856242512
59 354 0.009507307808430603 0 0.04000002671464408 0.7999999991019733 0.6400162329197476
60 360 0.009569706689754823 0 0.04000001469150473 0.7999999814204379 0.6400084906480192
61 366 0.007065125862163487 0 0.0400000053454779 0.7999999994754015 0.6399928328237232
62 372 0.005314031442566397 0 0.04000000005355404 0.7999999999801953 0.6400006754842077
63 378 0.005637133888755233 0 0.04000000993304321 0.7999999975387927 0.6399905363790488
64 384 0.0053618836711618045 0 0.04000000089058173 0.7999999990755191 0.6400022806018362
65 390 0.003954925342343651 0 0.040000001996160904 0.7999999993702043 0.6399958225792552
66 396 0.0032238772684007296 0 0.04000000196859634 0.7999999984939714 0.640003693784209
67 402 0.002809566102027542 0 0.04000000009006625 0.7999999998962848 0.6399993028393686
68 408 0.0023114232561071727 0 0.04000000062688153 0.7999999999724595 0.6399975182925242
69 414 0.002079055393225707 0 0.040000000076985474 0.7999999998750476 0.6399994801415566
70 420 0.0017002952889471432 0 0.04000000001251404 0.7999999999993462 0.6399996499627669
71 426 0.0012869686126443947 0 0.04000000000896859 0.799999999999943 0.6399997009049673
72 432 0.0011758871956448268 0 0.04000000001706145 0.7999999999650796 0.6400001758222045
73 438 0.0008742357961505262 0 0.040000000007204814 0.7999999999822792 0.6400000341043424
74 444 0.0007880903874320154 0 0.0400000000138448 0.7999999999970272 0.6400003557434677
75 450 0.0008159200422893107 0 0.04000000000900751 0.7999999999920854 0.6399997582920656
76 456 0.0007402395143421834 0 0.04000000000761572 0.7999999999972657 0.6400002553775406
77 462 0.0006128560550697789 0 0.04000000001040938 0.7999999999909505 0.640000260553828
78 468 0.0004703945899263857 0 0.040000000005004005 0.7999999999961545 0.6400001861599096
79 474 0.0005068466687864799 0 0.04000000000077269 0.7999999999994242 0.6400000736441737
80 480 0.00047381791845798525 0 0.040000000000787135 0.7999999999999674 0.6399999120172356
81 486 0.000375022882840479 0 0.04000000000079516 0.7999999999994297 0.6399999246959213
82 492 0.00033748746468920045 0 0.040000000000144476 0.7999999999999149 0.6400000332307665
83 498 0.0003365798016163092 0 0.04000000000114593 0.7999999999997996 0.6400001032368627
84 504 0.0002937897937063883 0 0.04000000000031957 0.7999999999994231 0.6399999701998372
85 510 0.000251997371649043 0 0.040000000000520536 0.7999999999987245 0.6400000101668252
86 516 0.00020563688164856723 0 0.040000000000041336 0.7999999999999522 0.6399999850956993
87 522 0.00018524630454717323 0 0.04000000000000838 0.7999999999999929 0.6400000074548836
88 528 0.0001427628552769133 0 0.04000000000000128 0.7999999999999968 0.640000000321975
89 534 0.00011312428187932169 0 0.040000000000027146 0.7999999999999428 0.6399999934825692
90 540 0.00011085812794264888 0 0.040000000000041905 0.7999999999999132 0.6399999915161375
91 546 0.00011997591761727645 0 0.04000000000000246 0.7999999999999955 0.6399999974505225
92 552 0.00010004934590350442 0 0.04000000000000964 0.7999999999999887 0.6400000071600237
93 558 7.406947876404188e-05 0 0.04000000000001235 0.7999999999999945 0.6399999899247385
94 564 6.67417238725219e-05 0 0.04000000000000718 0.7999999999999821 0.6400000002365537
95 570 5.211590203311432e-05 0 0.04000000000000546 0.7999999999999894 0.6400000034815906
96 576 5.049435846891746e-05 0 0.04000000000000143 0.7999999999999992 0.6400000032981115
97 582 5.4909677194969486e-05 0 0.040000000000000355 0.7999999999999998 0.639999998306908
97 582 5.4909677194969486e-05 0 0.040000000000000355 0.7999999999999998 0.639999998306908
