% # columns="iteration, evaluation, sigma, void, void,  stds==sigma*sigma_vec.scaling*sqrt(diag(C))", seed=299070, Wed Jul 23 07:03:45 2025, <python>{}</python>
1 6 0.9023958835974831 0 0 0.5410885552312424 0.4707093757280177
2 12 0.9264813923031221 0 0 0.532699506934216 0.4710908810961649
3 18 0.729397017079981 0 0 0.37987453433889096 0.35474163067492215
4 24 0.5687306477937082 0 0 0.25515557118514287 0.2515581648687115
5 30 0.42513909368435665 0 0 0.15785183473418607 0.18132927428394083
6 36 0.4540972804396071 0 0 0.1821641828911135 0.20459158467224225
7 42 0.5137328878439344 0 0 0.23114826016750475 0.2560310395232223
8 48 0.40624289378399137 0 0 0.16046811958478396 0.17720203932775855
9 54 0.39543423690579355 0 0 0.15410444738064763 0.17739039846186908
10 60 0.4556444774173672 0 0 0.18730223649818167 0.18978268110195726
11 66 0.7045879749806996 0 0 0.27613226291808396 0.2680679316934977
12 72 0.6688453837300796 0 0 0.26750373030448105 0.23030768103054164
13 78 0.5470688115227491 0 0 0.20383178515460793 0.18763128056816142
14 84 0.5061930127322486 0 0 0.18056889731422565 0.1644427448593663
15 90 0.4604064977774837 0 0 0.1479093843397476 0.14444396414085622
16 96 0.37101902228033884 0 0 0.10799395679389365 0.10939990516928
17 102 0.262292539935075 0 0 0.068912698138111 0.0726163008060732
18 108 0.25020044416562665 0 0 0.06950894341846954 0.06796449731998902
19 114 0.22130561542046653 0 0 0.04815440895359154 0.04858034343500575
20 120 0.30383286371559076 0 0 0.08805001736712938 0.09880860277823279
21 126 0.3223474695074934 0 0 0.09857959124241955 0.11209215343481418
22 132 0.26746019638063934 0 0 0.0731662654206235 0.08547787340145513
23 138 0.2154461611508971 0 0 0.058482851277857004 0.0675457357953757
24 144 0.1943105843234988 0 0 0.046388565513958466 0.05288484406102457
25 150 0.1541580426881399 0 0 0.029956186154508034 0.03514678053043613
26 156 0.1243927979836133 0 0 0.023323058410614047 0.02723862479005282
27 162 0.20168638255519117 0 0 0.044299905160848835 0.05345416435048494
28 168 0.3741015612293534 0 0 0.07555623082997552 0.09380893398536116
29 174 0.4037091385321227 0 0 0.07629272953917937 0.09683884291760742
30 180 0.48571760170257205 0 0 0.10121166212158701 0.12876796858744868
31 186 0.5211590273612827 0 0 0.09560193778487407 0.12207094436026494
32 192 0.422034413314238 0 0 0.0696986907238675 0.0908896279488972
33 198 0.3809508836367042 0 0 0.05480790146436133 0.0709313776950299
34 204 0.3649566114497409 0 0 0.04445176904392442 0.058264996370207885
35 210 0.27263045570529776 0 0 0.029669482422964813 0.03897558056250162
36 216 0.21841148039870958 0 0 0.02002234141953336 0.027086943767273886
37 222 0.17466148453930727 0 0 0.0144291351145235 0.019125393865884965
38 228 0.15439697159730784 0 0 0.011821865421198204 0.015532325187410745
39 234 0.1337410924040672 0 0 0.00917731021151951 0.012057713006149242
40 240 0.1740495368092414 0 0 0.012198928504064063 0.014190106996021187
41 246 0.19125321980732293 0 0 0.011678376339239314 0.013191885391508902
42 252 0.25033428859843476 0 0 0.01475370669367865 0.014592675727432761
43 258 0.22426172431388808 0 0 0.010953223707827689 0.01130226401900841
44 264 0.21008625382550383 0 0 0.00953055820893788 0.008705740269884472
45 270 0.20132929485905493 0 0 0.008940684714849267 0.007607388428738448
46 276 0.22627726413051927 0 0 0.011260503882278368 0.007405359498494927
47 282 0.2117944922031453 0 0 0.010888362072959151 0.006153570770134608
48 288 0.16319349245432002 0 0 0.0082873133585269 0.004052450655461265
49 294 0.21322196688712652 0 0 0.014152636905070575 0.0054010460739926346
50 300 0.20156798066816994 0 0 0.010693697410008257 0.0043650414117069524
51 306 0.16035001166500448 0 0 0.007484967084812348 0.0028945894102240864
52 312 0.14824091848239226 0 0 0.005517936718042947 0.0025216017303313514
53 318 0.146112943120855 0 0 0.005397464144264434 0.0023540396019522884
54 324 0.13847739491096514 0 0 0.0053040836525730705 0.002079520723415642
55 330 0.10709826081203787 0 0 0.0038466262931717405 0.001278814410195887
56 336 0.12182914247584532 0 0 0.005054097101578437 0.001154019127432116
57 342 0.1361163978499117 0 0 0.005892248011323386 0.001152220375164921
58 348 0.11613535585098955 0 0 0.0042102446477418004 0.0009298174343998861
59 354 0.12378370502593007 0 0 0.004817995441139926 0.0008585907805205612
60 360 0.0901058775389033 0 0 0.003137933319188465 0.0004871304327882653
61 366 0.06766100816219756 0 0 0.0021442422929553524 0.0003324053010945474
62 372 0.05282120469230837 0 0 0.0014232759495296922 0.0002164976038695913
63 378 0.039118966867527034 0 0 0.0009470810243735002 0.00013062097737181114
64 384 0.037306521103513936 0 0 0.000810764835774446 0.000122477938904168
65 390 0.03053353378478811 0 0 0.0005942653678557541 9.030600217816421e-05
66 396 0.03157580580554149 0 0 0.0006761464620549849 8.20470208646724e-05
67 402 0.030296145637661746 0 0 0.0005576781810116604 7.875847166768925e-05
68 408 0.027107508128613823 0 0 0.0004286513784102815 7.104166887692241e-05
69 414 0.0202782321028612 0 0 0.0002588631970905502 5.091073331748772e-05
70 420 0.01636672493747485 0 0 0.00017294268156111583 3.9549519101266106e-05
71 426 0.01293230571086921 0 0 0.00012198875997870057 2.824787469896176e-05
72 432 0.010374750547547476 0 0 8.71792836297109e-05 1.990703180318188e-05
73 438 0.008122263409204605 0 0 5.9592951156345426e-05 1.3785201136567318e-05
74 444 0.005956844688285118 0 0 4.0300478335858136e-05 8.550412732645616e-06
75 450 0.00463430898065837 0 0 2.940193386210512e-05 5.6361708830983616e-06
76 456 0.0043964875836846416 0 0 2.9642907442671876e-05 4.298768293887664e-06
77 462 0.0032699389494838045 0 0 2.049146396359911e-05 2.7714358916549556e-06
78 468 0.0030497661319156097 0 0 1.850311320435755e-05 2.2366213396617685e-06
79 474 0.0022175560837227526 0 0 1.1729684921921427e-05 1.3947912191047928e-06
80 480 0.0016203203847499283 0 0 7.337279850981165e-06 9.11483303722162e-07
81 486 0.001273637518848337 0 0 5.343468892339415e-06 6.134883945379352e-07
82 492 0.0011233266071365088 0 0 4.608068127863172e-06 4.846390347428354e-07
83 498 0.000936249929904907 0 0 3.2501854599700087e-06 3.970515332558893e-07
84 504 0.0009899286871272556 0 0 2.9909860942156203e-06 4.5580458016329237e-07
85 510 0.0008184058897484466 0 0 2.3867743917499885e-06 3.0934086250752673e-07
86 516 0.0006691573180317341 0 0 1.6320692316323816e-06 2.40772712420196e-07
87 522 0.0005286337475853225 0 0 1.1102129367212396e-06 1.7731564949877153e-07
88 528 0.00044573365092711795 0 0 9.002049377478486e-07 1.2681736965146337e-07
89 534 0.0003937792587984332 0 0 7.23608361901377e-07 9.746956959849511e-08
90 540 0.0003561285968545835 0 0 6.236214688202626e-07 7.822905080287365e-08
91 546 0.0003301217769369816 0 0 5.288302750442736e-07 6.647117991779649e-08
92 552 0.0003194828884266835 0 0 4.770242299006227e-07 6.44044925698284e-08
93 558 0.0003016674425627605 0 0 3.681525653902341e-07 6.21869426135272e-08
94 564 0.0002805672294148029 0 0 3.5114964902469754e-07 4.712941404822481e-08
95 570 0.00023952557215794576 0 0 2.7174469212705843e-07 3.7016032522931807e-08
96 576 0.00018156754682320428 0 0 1.7469974552414547e-07 2.5379736949635006e-08
97 582 0.000153127587023652 0 0 1.3939699041006975e-07 1.877019305219026e-08
98 588 0.00012771298055588666 0 0 1.058791914410826e-07 1.3976609040038698e-08
99 594 0.0001229259966908789 0 0 9.155213997919241e-08 1.3145294390627454e-08
100 600 9.825892230710285e-05 0 0 6.699835123281904e-08 8.919380807347358e-09
101 606 7.639803307243418e-05 0 0 4.36540862122079e-08 6.4470732248456005e-09
102 612 6.176033127833615e-05 0 0 3.257976576954853e-08 4.418343908225555e-09
103 618 5.2127867516172414e-05 0 0 2.2075185013142663e-08 3.610439491426684e-09
103 618 5.2127867516172414e-05 0 0 2.2075185013142663e-08 3.610439491426684e-09
