% # columns="iteration, evaluation, void, void, void, xmean", seed=412198, Wed Oct  1 10:08:21 2025, <python>{}</python> # scaling_of_variables: 1, typical_x: 0
1 6 0 0 0 0.31667506008536656 0.35715818738520905
2 12 0 0 0 0.2467939423274873 0.2869121305277687
3 18 0 0 0 0.343540713855799 0.1852935914219636
4 24 0 0 0 0.3928833174598518 0.1029114722318717
5 30 0 0 0 0.5285869223825276 0.2555220342475321
6 36 0 0 0 0.39751951984429973 0.20528253105627764
7 42 0 0 0 0.3499405570562443 0.1677233928171491
8 48 0 0 0 0.3372801687324724 0.14027329299897642
9 54 0 0 0 0.4313411977986673 0.21072038968267265
10 60 0 0 0 0.5329220493306179 0.28678093296435125
11 66 0 0 0 0.543583950502848 0.29100782602334213
12 72 0 0 0 0.5376779343223621 0.29909712757974477
13 78 0 0 0 0.5503547538623522 0.30532537018796
14 84 0 0 0 0.5805210105120904 0.3228843111154144
15 90 0 0 0 0.5897626193821855 0.3352833856362539
16 96 0 0 0 0.5945281887917309 0.34873900375798594
17 102 0 0 0 0.5841788915466748 0.34045141231003107
18 108 0 0 0 0.6121044441780257 0.3773080704886537
19 114 0 0 0 0.6558032545746141 0.4370423195762846
20 120 0 0 0 0.7512769269888977 0.5488002288084638
21 126 0 0 0 0.6410324231707123 0.38660086538244065
22 132 0 0 0 0.6923513791269721 0.4677348404484883
23 138 0 0 0 0.7471345101066551 0.5500895854800416
24 144 0 0 0 0.7185425082908644 0.5202626178077904
25 150 0 0 0 0.7009946708500268 0.48934428920958617
26 156 0 0 0 0.6933706484935678 0.47459985141508587
27 162 0 0 0 0.733947791086637 0.5372157528864846
28 168 0 0 0 0.76276992979466 0.5849606649288286
29 174 0 0 0 0.7105028914788225 0.5060099654884597
30 180 0 0 0 0.7180032573314257 0.5148464104819003
31 186 0 0 0 0.7250111073467913 0.5227779487948148
32 192 0 0 0 0.752253473329469 0.5618669409012396
33 198 0 0 0 0.7955531884270624 0.6213561393271921
34 204 0 0 0 0.7909686305400541 0.615857253656401
35 210 0 0 0 0.798039474446682 0.626499081207852
36 216 0 0 0 0.7916548202179785 0.6188505543795143
37 222 0 0 0 0.7993900951465938 0.6254201207245109
38 228 0 0 0 0.7909817261611686 0.6128452862735952
39 234 0 0 0 0.7878440061599337 0.6097194548055093
40 240 0 0 0 0.7886830005100306 0.6086383723299457
41 246 0 0 0 0.8004782737732488 0.6236135134776047
42 252 0 0 0 0.8027112364515641 0.6249602539443431
43 258 0 0 0 0.8037352759294744 0.6261200823528067
44 264 0 0 0 0.8063270587313218 0.6267356923840401
45 270 0 0 0 0.8083230891336338 0.6243546813026151
46 276 0 0 0 0.8107580473130377 0.6304827049587011
47 282 0 0 0 0.8206530008652579 0.6379555317241328
48 288 0 0 0 0.8133536073090851 0.6295271269553745
49 294 0 0 0 0.8228189522466118 0.6347288959658736
50 300 0 0 0 0.830143298755588 0.6381104440039821
51 306 0 0 0 0.8270988323001129 0.6368344877283069
52 312 0 0 0 0.8293688315727609 0.6388541298296395
53 318 0 0 0 0.8297234596508091 0.6380366997427491
54 324 0 0 0 0.8277333809183469 0.6366170058397725
55 330 0 0 0 0.8302630266494598 0.6373166544570688
56 336 0 0 0 0.8328006794929387 0.6380046047372996
57 342 0 0 0 0.834405486571881 0.6394158013359497
58 348 0 0 0 0.8361297131054694 0.6391219378052192
59 354 0 0 0 0.8417518017363066 0.6399724923741485
60 360 0 0 0 0.8419874411433422 0.6384877455165036
61 366 0 0 0 0.8466987824067954 0.640256617988473
62 372 0 0 0 0.846690640578412 0.640282359732044
63 378 0 0 0 0.8452612729210179 0.6396488344424933
64 384 0 0 0 0.8437292771908569 0.6398086432241566
65 390 0 0 0 0.8462942244141375 0.6400875848589136
66 396 0 0 0 0.8465302318979245 0.6399503939515034
67 402 0 0 0 0.8470117526263857 0.6397159686045091
68 408 0 0 0 0.847352459514915 0.6397855026573486
69 414 0 0 0 0.8473645661374802 0.6400340720647248
70 420 0 0 0 0.8468118243521721 0.6397116985378766
71 426 0 0 0 0.84743414139409 0.639828100190431
72 432 0 0 0 0.848311386050737 0.6401025684354565
73 438 0 0 0 0.849066581872958 0.640138422257302
74 444 0 0 0 0.8491406895628187 0.6400529168702215
75 450 0 0 0 0.8488507678540301 0.6400385714226651
76 456 0 0 0 0.849079132461601 0.6400668008783732
77 462 0 0 0 0.8490891304724499 0.6399845611315323
78 468 0 0 0 0.849492883807161 0.6400588642444582
79 474 0 0 0 0.8501902227563227 0.6400289773286069
80 480 0 0 0 0.8495912435412982 0.639915598567281
81 486 0 0 0 0.849838882710851 0.6399586540549631
82 492 0 0 0 0.8499038060438547 0.6400316475048192
83 498 0 0 0 0.8498745851699011 0.6399963764163019
84 504 0 0 0 0.8499577017148007 0.6400011625029112
85 510 0 0 0 0.8500960409288011 0.6400302586053815
86 516 0 0 0 0.849974840425222 0.6400009675839003
87 522 0 0 0 0.849995381809198 0.6400044066159407
88 528 0 0 0 0.8499988403855757 0.6400006250560225
89 534 0 0 0 0.8499887305791219 0.6399945911593674
90 540 0 0 0 0.8499980718744834 0.6400008705892297
91 546 0 0 0 0.8499922735692735 0.640001786243722
92 552 0 0 0 0.8499970874508744 0.6399991889121897
93 558 0 0 0 0.8500033531616316 0.6399980755443967
94 564 0 0 0 0.8499845960846916 0.6399984876218459
95 570 0 0 0 0.8499977179256339 0.6400007962982822
96 576 0 0 0 0.849991124046336 0.6400006813508768
97 582 0 0 0 0.8499881706399737 0.6400003241412426
98 588 0 0 0 0.8499955684031624 0.6400002685406799
99 594 0 0 0 0.8499982104828775 0.640000128657909
100 600 0 0 0 0.8499982510526883 0.6399997484480865
101 606 0 0 0 0.84999752692839 0.6400000438318583
102 612 0 0 0 0.8499995519301887 0.6400000712232057
103 618 0 0 0 0.8499999571109886 0.639999929634919
104 624 0 0 0 0.8500004315842307 0.6400000501695392
105 630 0 0 0 0.8500001234391972 0.6400000418285429
106 636 0 0 0 0.8499997190935336 0.6400000532259297
107 642 0 0 0 0.8499995771771037 0.6399999193902378
108 648 0 0 0 0.8499995997437118 0.6399999817668053
109 654 0 0 0 0.8499999102870421 0.6399999390052552
110 660 0 0 0 0.8499998752922175 0.6399999019759527
111 666 0 0 0 0.8499999808148823 0.6399999320496597
112 672 0 0 0 0.8499999404451947 0.63999995527565
113 678 0 0 0 0.8499999606739322 0.6399999681796514
114 684 0 0 0 0.8499999967765962 0.6399999866740402
115 690 0 0 0 0.8499999705274198 0.6399999995813821
116 696 0 0 0 0.8499999832586318 0.6399999923529341
117 702 0 0 0 0.8500000288884573 0.6399999869317894
118 708 0 0 0 0.84999997568373 0.6399999938794583
119 714 0 0 0 0.8499999775337097 0.6400000005286111
120 720 0 0 0 0.8500000015214864 0.6400000023974415
120 720 0 0 0 0.8500000015214864 0.6400000023974415
