% # columns="iter, evals, sigma, 0, fitness, xbest" seed=395016, Fri Nov 28 01:00:31 2025, <python>{}</python>
1 6 0.8875895447711575 0 1.1558692699099153 0.3386173627199982 0.02990074400088264
2 12 0.8426658038145882 0 0.11996486354888469 0.7083181719725389 0.5203925809067008
3 18 0.6789933532514325 0 1.640662580277786 0.11256607089255388 0.10503581063379241
4 24 0.5222181295395654 0 1.6226233867794817 0.44442525958883305 0.3121419097744088
5 30 0.5554144099419536 0 0.8165443732887132 0.26241992159922584 0.016660766971879737
6 36 0.4508992058898664 0 0.4812626441071475 0.3650143551110538 0.16117396094421338
7 42 0.3594915197773295 0 0.5906568264290101 0.3225658697284893 0.06775275905236533
8 48 0.3013284631975995 0 0.2497412931034228 0.5003859475587302 0.2515134460901783
9 54 0.2718532573864284 0 0.22871826947457533 0.5295687227112834 0.2718333382217319
10 60 0.23205436707185398 0 0.2658971588091663 0.4960787144460206 0.23515768531269166
11 66 0.18540582565995553 0 0.281415440880709 0.5398211871858754 0.2650154569719487
12 72 0.15043308371305503 0 0.24272723139825345 0.5090197226095614 0.255019903405156
13 78 0.11239986582489937 0 0.25801129627241765 0.5142877577166339 0.24962753970583082
14 84 0.09436946120628531 0 0.25693623380124864 0.49764033137945557 0.25440681440139035
15 90 0.0929122238325094 0 0.22037843980347038 0.5332468779374463 0.2793323096749155
16 96 0.07806103979261352 0 0.22980917692928512 0.5210322158220041 0.2694769747479168
17 102 0.09308521561098192 0 0.2184623171523906 0.5448777619240142 0.2862493764799262
18 108 0.1187632690005873 0 0.20901247948627355 0.5526914330458639 0.2960192618512515
19 114 0.13254732155352417 0 0.18866269465183277 0.5695004546018835 0.318557695763925
20 120 0.1327259380054455 0 0.20314278092888405 0.5818513822369107 0.32173005767659096
21 126 0.14724313552207519 0 0.20381220181633194 0.5913943514418274 0.33054998072648983
22 132 0.16764894013562381 0 0.1802953695003117 0.6301777746497923 0.37626092838720937
23 138 0.2009438653196159 0 0.1698045550365365 0.5937460278354503 0.3456334288652833
24 144 0.18199039261931024 0 0.16762523053078537 0.6619891434648953 0.4151268358886149
25 150 0.1727237354298416 0 0.17224771899734498 0.6735997117075019 0.42810249842849746
26 156 0.26709719205024335 0 0.12288153782113419 0.6639378234292348 0.43084159739069783
27 162 0.3598665769505287 0 0.08984238914397 0.7123260358395569 0.4989904959186034
28 168 0.4281718117650219 0 0.1245476354637283 0.6553265013254541 0.437034257752008
29 174 0.4410208555230244 0 0.07512045278007969 0.7361565658720103 0.5345055090509286
30 180 0.5260369968653253 0 0.07263554883752396 0.7745091237814538 0.6146256204313346
31 186 0.48965541982754884 0 0.14932480796814848 0.6701564182471432 0.4692411970235139
32 192 0.3595404276216908 0 0.09693150630043809 0.7160575410914752 0.5255087531003685
33 198 0.31680798023977647 0 0.09447358418948633 0.6934480094853727 0.4786352787739199
34 204 0.26472682781338536 0 0.09050634269013615 0.7297491868074948 0.5457516064117004
35 210 0.32697309096214255 0 0.06152766950575597 0.7547901401770979 0.5734495380084472
36 216 0.3735641185270662 0 0.05168065382044987 0.7728142143636144 0.5980620088326433
37 222 0.36257740261107807 0 0.05540775877732747 0.7897936760429866 0.6343670012723709
38 228 0.27990449007182167 0 0.04982646510372561 0.7787285784632675 0.6093600063782565
39 234 0.2079963597778719 0 0.057861195841146275 0.7595885249972578 0.5761777421874972
40 240 0.17721784911974606 0 0.04918689092642385 0.7799792882000004 0.6111565559292749
41 246 0.1362635059614924 0 0.0505685592501964 0.7806649743173435 0.6143983522556572
42 252 0.15347525446657667 0 0.04769607234288913 0.7847407419718695 0.6195052047076431
43 258 0.21468075188263597 0 0.04607859966464588 0.7888680219343331 0.6261881753662526
44 264 0.3011024393696527 0 0.04511043458606386 0.788485605355253 0.6197805722887287
45 270 0.26574618013624446 0 0.04655649346773464 0.7929664179588362 0.6348732307549603
46 276 0.2741135252719513 0 0.042826264982933376 0.7930751110620908 0.6286790760654409
47 282 0.21616298232701953 0 0.04351591345639171 0.7921970479053819 0.6294033095490753
48 288 0.24032830478410117 0 0.04206228126358441 0.7961517620940398 0.6361119068090957
49 294 0.2255109954398617 0 0.042380812112457276 0.7942245356264593 0.6301821183202366
50 300 0.2332630898096196 0 0.041765980648797975 0.7968821749110346 0.6372775911268505
51 306 0.24992209022787604 0 0.04117874145310272 0.7975235735097432 0.6346946350917169
52 312 0.245394052200677 0 0.04041272197323306 0.7991242121819613 0.6393846169444559
53 318 0.1775781869551171 0 0.04083319455223905 0.797942050193332 0.6369519207945714
54 324 0.15992865631104453 0 0.040648269187166845 0.7985427139394458 0.6368752862558851
55 330 0.1740659501029746 0 0.04038749151372589 0.7990902083240612 0.6390221004742966
56 336 0.14096425885749977 0 0.0404224573495922 0.7989518165326497 0.638468409921588
57 342 0.12216618305476473 0 0.04062661090798181 0.7987458692876068 0.6391057552199202
58 348 0.0989056369257976 0 0.04050032378652604 0.7988261408057326 0.6386654408523372
59 354 0.0772811783733435 0 0.04046662584758098 0.799199141689027 0.6399260868249127
60 360 0.07027462880999372 0 0.04040890344554945 0.7990164318459124 0.638808162253173
61 366 0.08391292286456553 0 0.04040584720350924 0.7989903150926858 0.6382878621061095
62 372 0.10020169525281433 0 0.04031462941625838 0.7992589821322574 0.6392353151156445
63 378 0.10519718453020292 0 0.040315885818076935 0.7994107350331999 0.6399510141825018
64 384 0.09544794095389632 0 0.04028302867536231 0.7992995630342227 0.6390335210054469
65 390 0.11013240711905192 0 0.04023120676434444 0.7994229328876992 0.6390553662241913
66 396 0.16267311025211686 0 0.04015060081151293 0.7996563374255257 0.6390894577941452
67 402 0.1860922208056925 0 0.04009669063983931 0.7997594889808586 0.6396806914664337
68 408 0.17916602470357862 0 0.04011951549185011 0.7997913726054698 0.6402664147406762
69 414 0.13849911267844303 0 0.04010320969640581 0.7997521402359811 0.6398035946907863
70 420 0.11516841924173028 0 0.04009270637317773 0.7998745836525515 0.6404514546640919
71 426 0.10625051050264635 0 0.04007115291386619 0.799895946152317 0.6403768528184396
72 432 0.1451920516192964 0 0.040029581296665444 0.7999353737256333 0.6400896464424164
73 438 0.16249037534234967 0 0.04002228812832054 0.7999443463822689 0.6398956002575075
74 444 0.1690453566098132 0 0.04001421702438364 0.7999878072109445 0.6402861018970216
75 450 0.22167019803205626 0 0.04000353605264764 0.7999978200567084 0.6398332922872869
76 456 0.2596494816122231 0 0.04001051575873082 0.7999783551639049 0.6401016535719382
77 462 0.20655032788059205 0 0.040007261316525336 0.7999863369439676 0.640112150767927
78 468 0.1658625988057742 0 0.04000071757679393 0.7999999983427157 0.6400846681154506
79 474 0.12543494176130202 0 0.040000240361833486 0.7999994176636457 0.6399904502852395
80 480 0.13250131666590978 0 0.040007224384247725 0.7999873317693238 0.6398328660366588
81 486 0.1041129450989127 0 0.040001149257960535 0.7999983731914936 0.6400680039013057
82 492 0.08163621596997236 0 0.040000205592786386 0.7999999857491406 0.6399552678659974
83 498 0.06348615889556575 0 0.040000052540043664 0.7999999133078993 0.6399864959659093
84 504 0.05180800660751237 0 0.040000015133623695 0.7999999942355016 0.6400113167753474
85 510 0.04264024560960707 0 0.04000030644450319 0.7999993542332628 0.6399770265386081
86 516 0.03336071580934098 0 0.04000002404399804 0.7999999417080932 0.6400026034567389
87 522 0.027770830979504918 0 0.04000002292838004 0.7999999968092699 0.6399852802463486
88 528 0.023347650280494774 0 0.040000012472932715 0.7999999726177085 0.640003854925779
89 534 0.023028022273489164 0 0.04000000594269834 0.7999999901347612 0.6400044525516916
90 540 0.020057527447540063 0 0.04000001077400558 0.7999999822287877 0.6399939172119881
91 546 0.014387174074238996 0 0.04000000382421028 0.7999999998219385 0.6400061258767648
92 552 0.011047628720696888 0 0.0400000000683771 0.799999999985914 0.6399992078745902
93 558 0.00958581165447994 0 0.04000000090582597 0.7999999982428472 0.6399985725312579
94 564 0.007504677177525169 0 0.040000000553548215 0.799999999444897 0.6400018198452128
95 570 0.006554218223731552 0 0.040000000194425435 0.7999999996097937 0.6400006185923367
96 576 0.0047973675359328375 0 0.040000000352578814 0.7999999991904935 0.6400005351393561
97 582 0.00409083885274012 0 0.04000000008562441 0.7999999999737529 0.6400008667081285
98 588 0.003410647413081647 0 0.040000000062911975 0.7999999998867299 0.6400004193890478
99 594 0.0030665692058790993 0 0.040000000049744966 0.7999999998761266 0.6400000440278107
100 600 0.0025655734477566996 0 0.04000000001568515 0.7999999999934557 0.6400003614786511
101 606 0.002376373524949425 0 0.04000000001857463 0.799999999990346 0.6400003835601722
102 612 0.0018844090150281724 0 0.04000000000590119 0.7999999999870978 0.6399999139381021
103 618 0.0019467745685817575 0 0.0400000000028028 0.7999999999985931 0.6399998503307897
104 624 0.0017180851536546529 0 0.04000000000257554 0.7999999999979214 0.6399998679328609
105 630 0.001395551675397935 0 0.04000000000005558 0.799999999999989 0.6400000226280711
106 636 0.0010362131603186319 0 0.04000000000116528 0.7999999999992629 0.6399999067025564
107 642 0.001106575232518223 0 0.04000000000063163 0.7999999999989483 0.6400000459286219
108 648 0.0009653353582438135 0 0.040000000000551365 0.7999999999987352 0.6399999786839581
109 654 0.0007382887887459075 0 0.04000000000026234 0.7999999999994981 0.6400000248154589
110 660 0.0007310990758726299 0 0.040000000000247636 0.7999999999999109 0.6399999539574874
111 666 0.0005957121860353887 0 0.040000000000369386 0.7999999999999967 0.6399999393312058
112 672 0.0007648784028449309 0 0.0400000000004415 0.7999999999991799 0.6399999663131831
113 678 0.000658008222264619 0 0.0400000000000737 0.7999999999998508 0.6399999881558556
114 684 0.0005821701928040258 0 0.040000000000067884 0.7999999999999668 0.6400000233715617
115 690 0.0006608960417679179 0 0.04000000000017854 0.7999999999997636 0.6400000289771276
116 696 0.0005325292665510781 0 0.04000000000005958 0.8 0.6400000244123767
117 702 0.00038803239640321853 0 0.04000000000000477 0.7999999999999913 0.6399999964227651
118 708 0.00029527211254454016 0 0.04000000000001872 0.7999999999999554 0.6399999970195677
119 714 0.0002123290170275745 0 0.040000000000020006 0.7999999999999501 0.6400000006622844
120 720 0.00028741006405984775 0 0.04000000000001007 0.7999999999999748 0.6400000002095626
121 726 0.00028170374757475347 0 0.04000000000000258 0.7999999999999964 0.6399999966414733
121 726 0.00028170374757475347 0 0.04000000000000258 0.7999999999999964 0.6399999966414733
