% # columns="iteration, evaluation, sigma, void, void,  stds==sigma*sigma_vec.scaling*sqrt(diag(C))", seed=341120, Wed Jul 23 01:00:27 2025, <python>{}</python>
1 6 0.7833043743230013 0 0 0.41417387530234345 0.42938788651452525
2 12 0.5826658135929365 0 0 0.2738377949541171 0.2807601115391734
3 18 0.4817380698992956 0 0 0.20236591846521312 0.20556051528362843
4 24 0.45074442295913114 0 0 0.18990586291189682 0.17231939211909547
5 30 0.3504590498547532 0 0 0.13897605376195718 0.12034769109356458
6 36 0.256076544502764 0 0 0.0962185722965776 0.07901876668690339
7 42 0.18348669346156601 0 0 0.06813781043260234 0.05165783728822286
8 48 0.25779655522716854 0 0 0.1335332101873891 0.1000677492842073
9 54 0.2510949015192271 0 0 0.12508158987031903 0.08518762767298836
10 60 0.2662467052931219 0 0 0.13895931855587093 0.08645748011547941
11 66 0.24256016092704655 0 0 0.11524657400693171 0.06998275503359559
12 72 0.2619508308522328 0 0 0.1133759827398417 0.062343022430191415
13 78 0.380940538972767 0 0 0.1766982342236702 0.08647682062101444
14 84 0.3385756762143754 0 0 0.12972106296005315 0.062067111331376365
15 90 0.3555350186469679 0 0 0.13561982938386175 0.0520506833106892
16 96 0.3559469665580141 0 0 0.1322896527762949 0.04051375313377116
17 102 0.2852097806103061 0 0 0.08923608996007665 0.02897636874645111
18 108 0.2603626083082638 0 0 0.07751509428296534 0.021112115696369668
19 114 0.3456695728437683 0 0 0.11361490207765887 0.02997376423544263
20 120 0.3853970236497139 0 0 0.12209697908515188 0.03380401839546004
21 126 0.46423778951747585 0 0 0.13460302552186454 0.04558473682808948
22 132 0.43979906117723994 0 0 0.12881619174102046 0.04269072977279668
23 138 0.5796289611279883 0 0 0.16467917903720863 0.07187814680348124
24 144 0.5522371362016665 0 0 0.15956553759685124 0.05949302736696215
25 150 0.6675489552381817 0 0 0.1866819174839026 0.08639995333001856
26 156 0.6731816670573759 0 0 0.14754460335807562 0.08052245075013795
27 162 0.6290140749552181 0 0 0.12113400580016395 0.0759060613479439
28 168 0.6135965188098206 0 0 0.10164808596897457 0.0762214038336267
29 174 0.5523995764352123 0 0 0.08704067115952477 0.06878496061749927
30 180 0.4321469432624715 0 0 0.06196915850131397 0.05303553976757517
31 186 0.45858156469761846 0 0 0.07005111997434832 0.06496746958903836
32 192 0.3615085765063025 0 0 0.04582730684870436 0.046617102792958554
33 198 0.40442462451625966 0 0 0.0528311846355802 0.05800742032581156
34 204 0.3915455780286654 0 0 0.050585744763701236 0.05700605668106743
35 210 0.4072075674573599 0 0 0.05155533085973928 0.061276013231135636
36 216 0.3839148722994717 0 0 0.049278296893504665 0.057814244858454815
37 222 0.5269025394070466 0 0 0.08500711605642722 0.10392580003035358
38 228 0.7312139048981734 0 0 0.14187426746887338 0.1676142117603305
39 234 0.8842362420961588 0 0 0.15681132017421634 0.17933607003535496
40 240 0.8322700598989414 0 0 0.14549808857582025 0.16466525206882723
41 246 0.6979019812639807 0 0 0.10542335219613737 0.12017358978930813
42 252 0.6306115353201157 0 0 0.08898423349931363 0.10488268888535666
43 258 0.5701660985805476 0 0 0.0699105428401806 0.07787045823452521
44 264 0.5219095491651985 0 0 0.05460332876051607 0.061909097535077194
45 270 0.5507195413452487 0 0 0.051166223419870045 0.05549688239209687
46 276 0.5870996410994583 0 0 0.05065813208019509 0.06055652317048102
47 282 0.5937657508145822 0 0 0.04412151056513283 0.05716083669523252
48 288 0.5818287011651363 0 0 0.038128111013585105 0.04909782433847157
49 294 0.454499033843819 0 0 0.027764708459051927 0.03261013239089512
50 300 0.4066386776903273 0 0 0.02219006859071756 0.025924331254733975
51 306 0.3310321838903218 0 0 0.015824069098675026 0.016311793354550585
52 312 0.40650517549777937 0 0 0.020357547018705555 0.0180889434625492
53 318 0.3049242383883256 0 0 0.013981165629373543 0.011700560804436657
54 324 0.26265908890231426 0 0 0.010931691066810828 0.008717114181249198
55 330 0.22184000284660496 0 0 0.009164439046125485 0.006296007518413269
56 336 0.20889803553102085 0 0 0.00892031385939425 0.005371343043055709
57 342 0.19219243008454848 0 0 0.007423717180151915 0.004304817376859934
58 348 0.23640179963138053 0 0 0.00967125963159787 0.004654245789457835
59 354 0.22783588634160098 0 0 0.00946428243066645 0.0036769695472852514
60 360 0.2476779832429938 0 0 0.011397906970796283 0.0035799411142078065
61 366 0.19069806233731001 0 0 0.008277767862299196 0.0021441073944095043
62 372 0.16679629677666796 0 0 0.005728512289226963 0.001697868530212686
63 378 0.14054816760074829 0 0 0.004004060100849813 0.0012058608715420965
64 384 0.1070097602944105 0 0 0.002806691048265405 0.000758453919392757
65 390 0.08144079153826504 0 0 0.0017424431119635955 0.0005376904994582857
66 396 0.06757756180137986 0 0 0.0014105656765918434 0.00040789174369477884
67 402 0.05429554998416232 0 0 0.0010045791418763137 0.0002923419561005117
68 408 0.04531833181816844 0 0 0.000772208097041683 0.00021366725466852066
69 414 0.03479002042285002 0 0 0.0005455047208544521 0.00015002096519349992
70 420 0.026485628242176176 0 0 0.000357057361432251 9.316329690864226e-05
71 426 0.0210225858752369 0 0 0.0002484975734158303 6.203180888242395e-05
72 432 0.018955969782891383 0 0 0.00022007234212235977 5.3123387244115036e-05
73 438 0.01763086511398712 0 0 0.00020048131942635437 4.5001351447430624e-05
74 444 0.019945740071251244 0 0 0.00025765727106633296 4.560372001108212e-05
75 450 0.014559240277389604 0 0 0.0001524484497343012 3.2095389682065096e-05
76 456 0.014083639848384991 0 0 0.00015570311782679382 2.5658164321248886e-05
77 462 0.01591614146552891 0 0 0.00018294496580981904 2.499880187142787e-05
78 468 0.014856728582824295 0 0 0.00015651677074245848 2.2693043213818433e-05
79 474 0.016831294040395347 0 0 0.00018277303926114155 2.496107972654771e-05
80 480 0.015718823215214547 0 0 0.00016674557218773395 2.0986074832189618e-05
81 486 0.014913068755862853 0 0 0.00016054513077148853 1.7406377641480738e-05
82 492 0.011884894841345825 0 0 0.00010449242179367222 1.3240846917434903e-05
83 498 0.011438422997433976 0 0 8.953239048571554e-05 1.3201845659901435e-05
84 504 0.012872580245434249 0 0 9.586762869780193e-05 1.5922908671866688e-05
85 510 0.010997227867716956 0 0 6.628750402227952e-05 1.2981396507125803e-05
86 516 0.010011431474905377 0 0 6.06203175576763e-05 1.0298101151067032e-05
87 522 0.008274453894749352 0 0 4.864918329852116e-05 7.08387695133607e-06
88 528 0.006447255778066796 0 0 3.0438980134227424e-05 5.3045308377206105e-06
89 534 0.00639920722711004 0 0 3.072752525882279e-05 4.87235837801386e-06
90 540 0.005510865699776651 0 0 2.6098353554141018e-05 3.6037388573988726e-06
91 546 0.004230181811131765 0 0 1.7103779974371442e-05 2.5300866781137517e-06
92 552 0.00338557826919032 0 0 1.0980016229505876e-05 1.982429441731114e-06
93 558 0.003305415138455597 0 0 9.068029298741119e-06 2.0845438487041113e-06
94 564 0.0024436927661578467 0 0 5.858654982040351e-06 1.265822186562306e-06
95 570 0.0017907923352546205 0 0 4.010984255902512e-06 7.57591675208325e-07
96 576 0.0015627636903067343 0 0 3.1526014544039937e-06 6.115688472873883e-07
97 582 0.0011164790847058787 0 0 2.1330894020665614e-06 3.7850696220843004e-07
98 588 0.0011029764863546363 0 0 2.1029821075250215e-06 3.5212062170067146e-07
99 594 0.0008863468259253983 0 0 1.4476554457845107e-06 2.6475052650862967e-07
100 600 0.0006625494971315557 0 0 9.026265708080977e-07 1.8000860470841362e-07
101 606 0.0005456338922307912 0 0 6.782531562062514e-07 1.2870913135861293e-07
102 612 0.00047040906630384265 0 0 4.852939072078565e-07 1.1035084743103272e-07
103 618 0.000401345327122766 0 0 4.171922371675782e-07 7.70716521386252e-08
104 624 0.0004379545492421059 0 0 5.060041320901202e-07 6.568650317441418e-08
105 630 0.0004950363034871212 0 0 5.618846801750897e-07 7.565579387753095e-08
106 636 0.00041536239525905494 0 0 4.665702446287576e-07 5.0772427770442746e-08
107 642 0.0003266621701767638 0 0 3.4414877975729286e-07 3.469491201406126e-08
108 648 0.00025094617935731307 0 0 2.2671227932143694e-07 2.299924511314379e-08
109 654 0.00024774715116970185 0 0 2.2016578001065836e-07 2.1382701986712764e-08
110 660 0.0001775713719140128 0 0 1.428385192371365e-07 1.3123589683569975e-08
111 666 0.0001369295917490415 0 0 8.824468826480718e-08 9.634413700634947e-09
112 672 0.0001198332132423259 0 0 6.032063860231618e-08 8.622745604613782e-09
113 678 0.00010945584313168167 0 0 4.632994754922921e-08 8.057043167158333e-09
114 684 8.220505529136468e-05 0 0 3.242725081154544e-08 5.2857705591319646e-09
115 690 7.661684186338505e-05 0 0 3.258090109719412e-08 3.833171239403569e-09
116 696 6.0751771251645564e-05 0 0 2.2113487532464155e-08 2.6483911366339985e-09
117 702 6.491236778153512e-05 0 0 2.2840826807938466e-08 2.7838484229869215e-09
117 702 6.491236778153512e-05 0 0 2.2840826807938466e-08 2.7838484229869215e-09
