% # columns="iteration, evaluation, min max(neg(.)) min(pos(.)) max correlation, correlation matrix principal axes lengths  (sorted square roots of eigenvalues of correlation matrix)", seed=174730, Sat Aug  2 08:13:39 2025
1 6 0.43519593597022055 0.43519593597022055 0.43519593597022055 0.43519593597022055 0.7515344729483667 1.1979966343734945
2 12 0.2512416241031037 0.2512416241031037 0.2512416241031037 0.2512416241031037 0.7515344729483667 1.1979966343734945
3 18 -0.04294674314535077 -0.04294674314535077 -0.04294674314535077 -0.04294674314535077 0.9782909878224623 1.0212476404601143
4 24 -0.09892177646929326 -0.09892177646929326 -0.09892177646929326 -0.09892177646929326 0.9782909878224623 1.0212476404601143
5 30 -0.13564906354153392 -0.13564906354153392 -0.13564906354153392 -0.13564906354153392 0.9297047576830324 1.0656683647089904
6 36 -0.4449864693281943 -0.4449864693281943 -0.4449864693281943 -0.4449864693281943 0.9297047576830324 1.0656683647089904
7 42 -0.5277728686231719 -0.5277728686231719 -0.5277728686231719 -0.5277728686231719 0.6871878428616358 1.2360310953301992
8 48 -0.7408067887880659 -0.7408067887880659 -0.7408067887880659 -0.7408067887880659 0.6871878428616358 1.2360310953301992
9 54 -0.7977652628652586 -0.7977652628652586 -0.7977652628652586 -0.7977652628652586 0.4497051668979815 1.340807690485574
10 60 -0.8347801107516458 -0.8347801107516458 -0.8347801107516458 -0.8347801107516458 0.4497051668979815 1.340807690485574
11 66 -0.7969081001816913 -0.7969081001816913 -0.7969081001816913 -0.7969081001816913 0.4506571865823387 1.3404880082200257
12 72 -0.7602835442637917 -0.7602835442637917 -0.7602835442637917 -0.7602835442637917 0.4506571865823387 1.3404880082200257
13 78 -0.7953687660745157 -0.7953687660745157 -0.7953687660745157 -0.7953687660745157 0.4523618395991026 1.3399137159065564
14 84 -0.8441395484950778 -0.8441395484950778 -0.8441395484950778 -0.8441395484950778 0.4523618395991026 1.3399137159065564
15 90 -0.8961269272013713 -0.8961269272013713 -0.8961269272013713 -0.8961269272013713 0.32229345757962363 1.3769992473496024
16 96 -0.9323767912426916 -0.9323767912426916 -0.9323767912426916 -0.9323767912426916 0.32229345757962363 1.3769992473496024
17 102 -0.9523308746714815 -0.9523308746714815 -0.9523308746714815 -0.9523308746714815 0.21833260253228004 1.3972583421370155
18 108 -0.96732840399153 -0.96732840399153 -0.96732840399153 -0.96732840399153 0.21833260253228004 1.3972583421370155
19 114 -0.9647145191088599 -0.9647145191088599 -0.9647145191088599 -0.9647145191088599 0.18784429959714 1.401682745527268
20 120 -0.9552364061431315 -0.9552364061431315 -0.9552364061431315 -0.9552364061431315 0.18784429959714 1.401682745527268
21 126 -0.9522965190424232 -0.9522965190424232 -0.9522965190424232 -0.9522965190424232 0.2184112656379631 1.3972460481398483
22 132 -0.9678199990606982 -0.9678199990606982 -0.9678199990606982 -0.9678199990606982 0.2184112656379631 1.3972460481398483
23 138 -0.960970465799612 -0.960970465799612 -0.960970465799612 -0.960970465799612 0.1975589385484445 1.400346552036178
24 144 -0.9772296770582933 -0.9772296770582933 -0.9772296770582933 -0.9772296770582933 0.1975589385484445 1.400346552036178
25 150 -0.9837992248080508 -0.9837992248080508 -0.9837992248080508 -0.9837992248080508 0.12728226581872762 1.4084740767256068
26 156 -0.9859525530275194 -0.9859525530275194 -0.9859525530275194 -0.9859525530275194 0.12728226581872762 1.4084740767256068
27 162 -0.9784161034751586 -0.9784161034751586 -0.9784161034751586 -0.9784161034751586 0.14691458921714173 1.4065618022238335
28 168 -0.9778181908305137 -0.9778181908305137 -0.9778181908305137 -0.9778181908305137 0.14691458921714173 1.4065618022238335
29 174 -0.9662166161836284 -0.9662166161836284 -0.9662166161836284 -0.9662166161836284 0.18380256749123916 1.4022184623601375
30 180 -0.9782641628693408 -0.9782641628693408 -0.9782641628693408 -0.9782641628693408 0.18380256749123916 1.4022184623601375
31 186 -0.9655614236034855 -0.9655614236034855 -0.9655614236034855 -0.9655614236034855 0.18557633576648358 1.4019848157535393
32 192 -0.9618166038802115 -0.9618166038802115 -0.9618166038802115 -0.9618166038802115 0.18557633576648358 1.4019848157535393
33 198 -0.9474300993662209 -0.9474300993662209 -0.9474300993662209 -0.9474300993662209 0.22928126969680487 1.3955035289694615
34 204 -0.9085016754070315 -0.9085016754070315 -0.9085016754070315 -0.9085016754070315 0.22928126969680487 1.3955035289694615
35 210 -0.8998078618127168 -0.8998078618127168 -0.8998078618127168 -0.8998078618127168 0.3165314173779331 1.3783351776011221
36 216 -0.8649705673175314 -0.8649705673175314 -0.8649705673175314 -0.8649705673175314 0.3165314173779331 1.3783351776011221
37 222 -0.8242726829831596 -0.8242726829831596 -0.8242726829831596 -0.8242726829831596 0.41919842201139107 1.3506563896799064
38 228 -0.756102942153189 -0.756102942153189 -0.756102942153189 -0.756102942153189 0.41919842201139107 1.3506563896799064
39 234 -0.6729885292116606 -0.6729885292116606 -0.6729885292116606 -0.6729885292116606 0.5718491678653903 1.2934405781525724
40 240 -0.534857547142248 -0.534857547142248 -0.534857547142248 -0.534857547142248 0.5718491678653903 1.2934405781525724
41 246 -0.5663632298172532 -0.5663632298172532 -0.5663632298172532 -0.5663632298172532 0.6585110251034123 1.2515443379350382
42 252 -0.4736781455806174 -0.4736781455806174 -0.4736781455806174 -0.4736781455806174 0.6585110251034123 1.2515443379350382
43 258 -0.5202255048545575 -0.5202255048545575 -0.5202255048545575 -0.5202255048545575 0.6926575597980883 1.232974251496988
44 264 -0.5837619884568268 -0.5837619884568268 -0.5837619884568268 -0.5837619884568268 0.6926575597980883 1.232974251496988
45 270 -0.6622040434603987 -0.6622040434603987 -0.6622040434603987 -0.6622040434603987 0.5812021649474485 1.2892649236911702
46 276 -0.5254600083353667 -0.5254600083353667 -0.5254600083353667 -0.5254600083353667 0.5812021649474485 1.2892649236911702
47 282 -0.515574926258301 -0.515574926258301 -0.515574926258301 -0.515574926258301 0.6960065184620752 1.231086888183893
48 288 -0.41298480342925625 -0.41298480342925625 -0.41298480342925625 -0.41298480342925625 0.6960065184620752 1.231086888183893
49 294 -0.4169891698587934 -0.4169891698587934 -0.4169891698587934 -0.4169891698587934 0.7635514587381828 1.1903735421533836
50 300 -0.2674171455429558 -0.2674171455429558 -0.2674171455429558 -0.2674171455429558 0.7635514587381828 1.1903735421533836
51 306 -0.2495630754692972 -0.2495630754692972 -0.2495630754692972 -0.2495630754692972 0.8662776255512448 1.1178385730816849
52 312 -0.05972410298838012 -0.05972410298838012 -0.05972410298838012 -0.05972410298838012 0.8662776255512448 1.1178385730816849
53 318 0.05089629471688595 0.05089629471688595 0.05089629471688595 0.05089629471688595 0.9742195364922192 1.0251323303441784
54 324 -0.06454908852963749 -0.06454908852963749 -0.06454908852963749 -0.06454908852963749 0.9742195364922192 1.0251323303441784
55 330 0.015850407416303704 0.015850407416303704 0.015850407416303704 0.015850407416303704 0.9920431404851788 1.0078940457291647
56 336 0.09191542074872538 0.09191542074872538 0.09191542074872538 0.09191542074872538 0.9920431404851788 1.0078940457291647
57 342 -0.1300743546312897 -0.1300743546312897 -0.1300743546312897 -0.1300743546312897 0.932698046191108 1.0630495541748228
58 348 -0.07002530896248449 -0.07002530896248449 -0.07002530896248449 -0.07002530896248449 0.932698046191108 1.0630495541748228
59 354 0.009037404480558935 0.009037404480558935 0.009037404480558935 0.009037404480558935 0.9954710420295715 1.0045085387793171
60 360 0.2069570813352956 0.2069570813352956 0.2069570813352956 0.2069570813352956 0.9954710420295715 1.0045085387793171
61 366 0.16988701285816477 0.16988701285816477 0.16988701285816477 0.16988701285816477 0.9111053655543002 1.0816131530534216
62 372 0.32504194550970517 0.32504194550970517 0.32504194550970517 0.32504194550970517 0.9111053655543002 1.0816131530534216
63 378 0.21194031564469318 0.21194031564469318 0.21194031564469318 0.21194031564469318 0.8877272578643209 1.1008816083688078
64 384 -0.053156732938775736 -0.053156732938775736 -0.053156732938775736 -0.053156732938775736 0.8877272578643209 1.1008816083688078
65 390 -0.0260437845553554 -0.0260437845553554 -0.0260437845553554 -0.0260437845553554 0.9868922005187014 1.012938193847658
66 396 -0.031149886321040005 -0.031149886321040005 -0.031149886321040005 -0.031149886321040005 0.9868922005187014 1.012938193847658
67 402 0.11219541830262136 0.11219541830262136 0.11219541830262136 0.11219541830262136 0.9422338253837945 1.054606760030781
68 408 0.2701058309905768 0.2701058309905768 0.2701058309905768 0.2701058309905768 0.9422338253837945 1.054606760030781
69 414 0.009573375159539646 0.009573375159539646 0.009573375159539646 0.009573375159539646 0.9952018010637141 1.0047752859020467
70 420 0.07387887208734692 0.07387887208734692 0.07387887208734692 0.07387887208734692 0.9952018010637141 1.0047752859020467
71 426 0.15248803107272402 0.15248803107272402 0.15248803107272402 0.15248803107272402 0.9206041325821193 1.0735399531795378
72 432 0.20663375333842884 0.20663375333842884 0.20663375333842884 0.20663375333842884 0.9206041325821193 1.0735399531795378
73 438 0.15993521079317963 0.15993521079317963 0.15993521079317963 0.15993521079317963 0.9165504837197023 1.0770028833727325
74 444 0.08723640289861583 0.08723640289861583 0.08723640289861583 0.08723640289861583 0.9165504837197023 1.0770028833727325
75 450 0.18353289250866772 0.18353289250866772 0.18353289250866772 0.18353289250866772 0.9035856946030809 1.0879029793638162
76 456 0.3151249567993764 0.3151249567993764 0.3151249567993764 0.3151249567993764 0.9035856946030809 1.0879029793638162
77 462 0.11715045260981227 0.11715045260981227 0.11715045260981227 0.11715045260981227 0.939600738287379 1.056953382420347
78 468 0.11078293329085542 0.11078293329085542 0.11078293329085542 0.11078293329085542 0.939600738287379 1.056953382420347
79 474 0.01502726665216318 0.01502726665216318 0.01502726665216318 0.01502726665216318 0.992457925227985 1.0074856161018693
80 480 -0.1498243213176503 -0.1498243213176503 -0.1498243213176503 -0.1498243213176503 0.992457925227985 1.0074856161018693
81 486 -0.10804707885447166 -0.10804707885447166 -0.10804707885447166 -0.10804707885447166 0.9444325921660732 1.0526381519090364
82 492 -0.017943975101441183 -0.017943975101441183 -0.017943975101441183 -0.017943975101441183 0.9444325921660732 1.0526381519090364
83 498 0.2161734502364153 0.2161734502364153 0.2161734502364153 0.2161734502364153 0.8853397933921103 1.1028025436298263
84 504 0.4524103616388314 0.4524103616388314 0.4524103616388314 0.4524103616388314 0.8853397933921103 1.1028025436298263
85 510 0.38687958395468713 0.38687958395468713 0.38687958395468713 0.38687958395468713 0.7830200610746272 1.1776585175485665
86 516 0.4127701947005948 0.4127701947005948 0.4127701947005948 0.4127701947005948 0.7830200610746272 1.1776585175485665
87 522 0.4860689572373945 0.4860689572373945 0.4860689572373945 0.4860689572373945 0.7168898400469946 1.2190442802611374
88 528 0.2946568469404086 0.2946568469404086 0.2946568469404086 0.2946568469404086 0.7168898400469946 1.2190442802611374
89 534 0.23330974761439557 0.23330974761439557 0.23330974761439557 0.23330974761439557 0.8756085040619491 1.1105447976621183
89 534 0.23330974761439557 0.23330974761439557 0.23330974761439557 0.23330974761439557 0.8756085040619491 1.1105447976621183
