% # columns="iteration, evaluation, sigma, max axis length,  min axis length, all principal axes lengths  (sorted square roots of eigenvalues of C)", seed=174730, Sat Aug  2 08:13:39 2025
1 6 1.3451051922311321 1.0000250003125026 1.0 1.0 1.0000250003125026
2 12 1.2724947733287038 1.4238943002915283 0.8262746620679996 0.8262746620679996 1.4238943002915283
3 18 1.4913129433617534 1.3143148642861437 0.8302792807885967 0.8302792807885967 1.3143148642861437
4 24 1.3042358855930924 1.1319378425365465 0.9573225304760059 0.9573225304760059 1.1319378425365465
5 30 1.0800992450985776 1.0409063240672087 0.9019631393874155 0.9019631393874155 1.0409063240672087
6 36 1.0490219408320898 0.9281695922392551 0.8057616246767167 0.8057616246767167 0.9281695922392551
7 42 0.8569749716013618 1.0524761032916554 0.6485565932490296 0.6485565932490296 1.0524761032916554
8 48 0.8708068766279939 0.9889361109402859 0.5407819610038174 0.5407819610038174 0.9889361109402859
9 54 0.9200969642743789 1.13200041464941 0.4366219896348217 0.4366219896348217 1.13200041464941
10 60 0.7376496226201461 1.2118331851843365 0.40134064947570375 0.40134064947570375 1.2118331851843365
11 66 0.8675682845793107 1.1747128226214192 0.34239391483789916 0.34239391483789916 1.1747128226214192
12 72 1.0139512228999705 1.1192955263734843 0.37623821991377465 0.37623821991377465 1.1192955263734843
13 78 0.7794885704597779 1.0862051854707184 0.4001513609906345 0.4001513609906345 1.0862051854707184
14 84 0.6137343881197076 1.0564764842181393 0.3565966677598913 0.3565966677598913 1.0564764842181393
15 90 0.6414519179410502 1.0121636142801755 0.2922722631189591 0.2922722631189591 1.0121636142801755
16 96 0.4811653761916822 1.1091355218823788 0.25672614722574516 0.25672614722574516 1.1091355218823788
17 102 0.39747888082616245 1.0857032687275592 0.2020425665509427 0.2020425665509427 1.0857032687275592
18 108 0.4326614994645514 1.0749674507811005 0.16627284262355316 0.16627284262355316 1.0749674507811005
19 114 0.48703517281588304 1.2044213449517969 0.15228710247296093 0.15228710247296093 1.2044213449517969
20 120 0.4166138257691041 1.2034430777401657 0.15963309657076588 0.15963309657076588 1.2034430777401657
21 126 0.39950419710926627 1.0434692657772187 0.15670189103301946 0.15670189103301946 1.0434692657772187
22 132 0.3158010006548919 0.9675766187568003 0.15115888787494847 0.15115888787494847 0.9675766187568003
23 138 0.25166551329340864 0.9581515499110428 0.12242206309865718 0.12242206309865718 0.9581515499110428
24 144 0.2171175425466245 0.8087347689748553 0.11373369699017068 0.11373369699017068 0.8087347689748553
25 150 0.18456713164115268 0.8400916723890889 0.08973581457599103 0.08973581457599103 0.8400916723890889
26 156 0.14948306475660042 0.8395929820522369 0.07558174365521968 0.07558174365521968 0.8395929820522369
27 162 0.11612317133145729 0.7674410164380803 0.0641462698697989 0.0641462698697989 0.7674410164380803
28 168 0.09351032502552696 0.6030023740166148 0.06272210918349425 0.06272210918349425 0.6030023740166148
29 174 0.07633997907477454 0.5486540979679172 0.057802922123562084 0.057802922123562084 0.5486540979679172
30 180 0.07267541630045218 0.43799479787577605 0.05719904019452499 0.05719904019452499 0.43799479787577605
31 186 0.07461544225565372 0.4566562773217932 0.0475931007238551 0.0475931007238551 0.4566562773217932
32 192 0.057990364954252 0.3926469040673928 0.051456036360384885 0.051456036360384885 0.3926469040673928
33 198 0.049448023229074725 0.3397689170775137 0.04712529936315032 0.04712529936315032 0.3397689170775137
34 204 0.04063810684080037 0.28155643339422687 0.046017360046814976 0.046017360046814976 0.28155643339422687
35 210 0.030181050266610426 0.2171540565339517 0.047275570088587335 0.047275570088587335 0.2171540565339517
36 216 0.025008157607105938 0.1868971868730584 0.04239840327203264 0.04239840327203264 0.1868971868730584
37 222 0.020843631708357457 0.15347204416084093 0.041195847951961 0.041195847951961 0.15347204416084093
38 228 0.01903551217559753 0.12745118370729924 0.03953806210817311 0.03953806210817311 0.12745118370729924
39 234 0.014948283030262306 0.11035901070543666 0.040959346892153095 0.040959346892153095 0.11035901070543666
40 240 0.015931856142351996 0.0879809355324609 0.03886115402152503 0.03886115402152503 0.0879809355324609
41 246 0.01291530868630537 0.07802175818743727 0.042013268639671184 0.042013268639671184 0.07802175818743727
42 252 0.010304894618851253 0.07082539713977348 0.035864921603122685 0.035864921603122685 0.07082539713977348
43 258 0.008599220513720874 0.059768389684035306 0.03335937476094418 0.03335937476094418 0.059768389684035306
44 264 0.008017244872438151 0.056675705269936906 0.02850741096620786 0.02850741096620786 0.056675705269936906
45 270 0.010792126562489845 0.05720181712912352 0.025033193715261606 0.025033193715261606 0.05720181712912352
46 276 0.011755888392954267 0.0748473796328362 0.021082061147531816 0.021082061147531816 0.0748473796328362
47 282 0.01104968183510958 0.0709145448469122 0.019367164490188868 0.019367164490188868 0.0709145448469122
48 288 0.013085767691993704 0.06566605102639067 0.017215289801049208 0.017215289801049208 0.06566605102639067
49 294 0.012235193654116652 0.07389275255485783 0.015380112648620756 0.015380112648620756 0.07389275255485783
50 300 0.013709533462769137 0.07451152361451843 0.012823002222582038 0.012823002222582038 0.07451152361451843
51 306 0.013245268538209495 0.06013182710877825 0.01529259981344617 0.01529259981344617 0.06013182710877825
52 312 0.012228266693771181 0.06054135405063848 0.01279727528919474 0.01279727528919474 0.06054135405063848
53 318 0.012060842687264204 0.05994468170680992 0.011574151588305779 0.011574151588305779 0.05994468170680992
54 324 0.008977406580277663 0.06119691231639421 0.011129772565333566 0.011129772565333566 0.06119691231639421
55 330 0.006610756883870973 0.0550897960628302 0.009736914598006656 0.009736914598006656 0.0550897960628302
56 336 0.005275087980827356 0.04702268212465759 0.008705705034771895 0.008705705034771895 0.04702268212465759
57 342 0.004299286649852838 0.04354571873971037 0.007496792764925186 0.007496792764925186 0.04354571873971037
58 348 0.003346090786159523 0.03894157930405692 0.006498539623657183 0.006498539623657183 0.03894157930405692
59 354 0.003455578230314808 0.033793003907579514 0.005848813192641569 0.005848813192641569 0.033793003907579514
60 360 0.0029627281982920846 0.03209596150453414 0.005914716296690812 0.005914716296690812 0.03209596150453414
61 366 0.0023674837187435895 0.03063654651620226 0.005319813384991243 0.005319813384991243 0.03063654651620226
62 372 0.0019804529023514476 0.028220150400138477 0.0044897577691425895 0.0044897577691425895 0.028220150400138477
63 378 0.0017036771937517623 0.026301452025114316 0.0038635474941482416 0.0038635474941482416 0.026301452025114316
64 384 0.0016131216244705219 0.023779651344315037 0.003565238447512958 0.003565238447512958 0.023779651344315037
65 390 0.00119293386185408 0.019423571722671524 0.0036141032621779287 0.0036141032621779287 0.019423571722671524
66 396 0.0009189553059421699 0.0168508579034032 0.003252901341396476 0.003252901341396476 0.0168508579034032
67 402 0.0010237226907459831 0.016453385417834206 0.0025909647911224348 0.0025909647911224348 0.016453385417834206
68 408 0.0008496466945324817 0.01975463781613714 0.002089913001161136 0.002089913001161136 0.01975463781613714
69 414 0.0007151476214932762 0.017035780939627647 0.0018662555671149215 0.0018662555671149215 0.017035780939627647
70 420 0.0005342067953473788 0.01406662488462817 0.0017782451173781477 0.0017782451173781477 0.01406662488462817
71 426 0.0004295991763775784 0.011481551691835264 0.0016574659972125282 0.0016574659972125282 0.011481551691835264
72 432 0.0003285250415261239 0.010770275908964056 0.0014245224288468297 0.0014245224288468297 0.010770275908964056
73 438 0.0003016458171162604 0.00904096262625385 0.001331813221005579 0.001331813221005579 0.00904096262625385
74 444 0.0002667948883584905 0.007853715565947652 0.001318039075319329 0.001318039075319329 0.007853715565947652
75 450 0.00022823573309755702 0.007789843794362007 0.0010709334501761392 0.0010709334501761392 0.007789843794362007
76 456 0.0001648350706545819 0.006806239910858437 0.0010050111593836956 0.0010050111593836956 0.006806239910858437
77 462 0.00013676349441251348 0.006159779337793559 0.0008780550750937111 0.0008780550750937111 0.006159779337793559
78 468 0.00010366384982288516 0.005167005348293617 0.0008219806384679187 0.0008219806384679187 0.005167005348293617
79 474 7.896363863214369e-05 0.004066826460692636 0.0007921267231099054 0.0007921267231099054 0.004066826460692636
80 480 6.604761221696767e-05 0.0035980394779575884 0.0007049233499541005 0.0007049233499541005 0.0035980394779575884
81 486 4.9505315461242084e-05 0.0030912490023233545 0.0006711590325288499 0.0006711590325288499 0.0030912490023233545
82 492 3.7446354589085294e-05 0.002830189965971343 0.000564560224317674 0.000564560224317674 0.002830189965971343
83 498 3.335920148077408e-05 0.002445306591808242 0.0005012088518976728 0.0005012088518976728 0.002445306591808242
84 504 3.003018726587224e-05 0.0022051458864029514 0.00046380492406579703 0.00046380492406579703 0.0022051458864029514
85 510 2.4797744218010433e-05 0.002114849937814694 0.00040652140788720846 0.00040652140788720846 0.002114849937814694
86 516 1.888085569596352e-05 0.001922958202076737 0.0003506058487752931 0.0003506058487752931 0.001922958202076737
87 522 1.4543936068203391e-05 0.0018192731063055654 0.0002871275761252353 0.0002871275761252353 0.0018192731063055654
88 528 1.2226620792276613e-05 0.0016516226179672873 0.0002468319407984909 0.0002468319407984909 0.0016516226179672873
89 534 1.0245515969636163e-05 0.0014857954843759081 0.0002244659944897023 0.0002244659944897023 0.0014857954843759081
89 534 1.0245515969636163e-05 0.0014857954843759081 0.0002244659944897023 0.0002244659944897023 0.0014857954843759081
