% # columns="iteration, evaluation, sigma, axis ratio, bestever, best, median, worst objective function value, interquartile range, further/more values", seed=174730, Sat Aug  2 08:13:39 2025, <python>{}</python>
1 6 1.3451051922311321 1.0000250003125026 0.07136343600445803 7.1363436004458033e-02 5.318722617088339 49.04067769422371 9.445905701790949   
2 12 1.2724947733287038 1.723269955692223 0.07136343600445803 2.4986640023661812e+00 9.907207528832844 38.814264624306716 31.20642394643873   
3 18 1.4913129433617534 1.5829792392721296 0.07136343600445803 2.2777093003919435e-01 4.414732018403628 91.70313666235617 44.445613727599344   
4 24 1.3042358855930924 1.1823996683476334 0.07136343600445803 9.3929043432353698e-01 7.152701206601801 37.520474370481956 15.969325205377338   
5 30 1.0800992450985776 1.1540453025321622 0.07136343600445803 4.0200870429199181e-01 31.96758321563306 56.196633689344075 47.33830935200898   
6 36 1.0490219408320898 1.151915856766758 0.07136343600445803 9.9308597618089314e-02 25.800907073831674 64.44878880261099 45.998835037631444   
7 42 0.8569749716013618 1.6227976313048302 0.07136343600445803 5.8976279514899987e-01 10.587139791174934 17.500994908801797 15.306614401195795   
8 48 0.8708068766279939 1.8287150501555007 0.07136343600445803 4.1471995447855514e-01 1.2139170950014753 10.163034914298434 1.179078123116899   
9 54 0.9200969642743789 2.592632623923003 0.07136343600445803 1.7634792949535893e-01 5.7354453016931695 22.988156469366217 6.924174270811499   
10 60 0.7376496226201461 3.0194628597113935 0.07136343600445803 1.1219143262414137e-01 4.738810135472313 24.306766637182964 3.604738278292804   
11 66 0.8675682845793107 3.4308811334382736 0.0431913451957615 4.3191345195761503e-02 4.043104724107885 12.408969283482056 11.78261985902592   
12 72 1.0139512228999705 2.9749649746641946 0.0431913451957615 1.8682272378186147e+00 4.282595558760656 27.829252759035345 7.652229521471099   
13 78 0.7794885704597779 2.71448579552911 0.0431913451957615 2.2115144778537008e+00 5.087097104180385 24.96209593476866 14.931550233703275   
14 84 0.6137343881197076 2.9626650491571644 0.0431913451957615 4.6969735677917936e-02 0.9373932604136084 8.570542095323557 4.321611190087218   
15 90 0.6414519179410502 3.463084739820864 0.0431913451957615 2.4681169710550929e-01 1.6641940399988469 5.694064629995857 2.1210555980926147   
16 96 0.4811653761916822 4.320306029861036 0.0431913451957615 1.0110962505440699e-01 2.0280145881713865 3.294274911449498 2.745193523477016   
17 102 0.39747888082616245 5.373636294873594 0.0431913451957615 1.5797199336427203e-01 0.8246616161804098 3.9238665834249677 0.8031173379380581   
18 108 0.4326614994645514 6.4650813315007785 0.0431913451957615 1.1886562917179877e-01 0.6467238715842174 4.534002606646909 0.6185681102235994   
19 114 0.48703517281588304 7.90888608026176 0.0431913451957615 4.6630153560758017e-02 0.41193650978360397 0.6660023242490383 0.3780971544969358   
20 120 0.4166138257691041 7.538806823851064 0.04126894742364679 4.1268947423646792e-02 0.9435289998362377 6.829731004918087 0.9540512664730236   
21 126 0.39950419710926627 6.658944948898823 0.04126894742364679 1.5777599011807114e-01 0.3744831845311313 13.991713739539106 4.759221822582842   
22 132 0.3158010006548919 6.401056744723223 0.04126894742364679 5.7029125277471532e-02 0.1512133548397405 0.3585188253342974 0.07601367007344388   
23 138 0.25166551329340864 7.826624757490732 0.04126894742364679 5.7432310411012231e-02 0.17331058299083554 0.6995362341471637 0.08308660952772963   
24 144 0.2171175425466245 7.110775349584824 0.04126894742364679 5.7675185261018905e-02 0.11449741702342014 0.14850558024904448 0.06627101613635154   
25 150 0.18456713164115268 9.361832578871544 0.04126894742364679 4.3001449629222414e-02 0.07816563336243931 0.08443444667958694 0.02974058024373357   
26 156 0.14948306475660042 11.108409801739928 0.04039330170899681 4.0393301708996812e-02 0.057946192914924956 0.3059956941003438 0.0179884238853205   
27 162 0.11612317133145729 11.963922734646864 0.040107393191719 4.0107393191719000e-02 0.09045680679353649 0.518513756979746 0.12497133454492902   
28 168 0.09351032502552696 9.613872713567787 0.040107393191719 4.4820997782969496e-02 0.09505255354445225 0.15777003545387916 0.046768429605448636   
29 174 0.07633997907477454 9.491805566422576 0.040107393191719 4.1317968420641449e-02 0.07036255290928956 0.09512689488602294 0.02351770773442989   
30 180 0.07267541630045218 7.657380200545747 0.04003472476846585 4.0034724768465847e-02 0.04539715873431547 0.0724557800991011 0.004362497804972824   
31 186 0.07461544225565372 9.595009998852698 0.04003472476846585 4.2629600912192367e-02 0.05229239859923323 0.0629514839925141 0.012006981590256878   
32 192 0.057990364954252 7.630725797016205 0.0400013011196789 4.0001301119678902e-02 0.044464621820008515 0.04881307289754158 0.005368031301269831   
33 198 0.049448023229074725 7.209904693851057 0.0400013011196789 4.0012362839787569e-02 0.0408416270845085 0.055143253962817065 0.0024993077804208244   
34 204 0.04063810684080037 6.118482961816807 0.0400013011196789 4.0010060063950366e-02 0.04091182450458874 0.0443842467084668 0.003709098301681077   
35 210 0.030181050266610426 4.593367274620645 0.0400013011196789 4.0006453901168346e-02 0.040300284967139735 0.04056181400426851 0.0003794652782299207   
36 216 0.025008157607105938 4.408118524509196 0.0400013011196789 4.0023129634948681e-02 0.04022122580476986 0.04057742614482836 0.00035751393872518467   
37 222 0.020843631708357457 3.725425055937837 0.0400013011196789 4.0011853673367986e-02 0.0401068919321759 0.04018057897768038 0.00014211209486907767   
38 228 0.01903551217559753 3.2235060827868236 0.0400013011196789 4.0005725114800071e-02 0.04004489420542466 0.040259593691498036 4.439798028941372e-05   
39 234 0.014948283030262306 2.6943547463296835 0.0400013011196789 4.0002652745573838e-02 0.040033069113388275 0.04006145389461684 3.186376549832448e-05   
40 240 0.015931856142351996 2.263981545265708 0.0400011704436318 4.0001170443631801e-02 0.040006937666710735 0.04001325445148287 1.316884844566879e-06   
41 246 0.01291530868630537 1.8570742223509107 0.0400011704436318 4.0001953780877612e-02 0.040009736771374274 0.04001996912186286 9.104324156766763e-06   
42 252 0.010304894618851253 1.9747818752685316 0.0400011704436318 4.0002933894095517e-02 0.04000400019420827 0.040007219100034824 1.2090185103619255e-06   
43 258 0.008599220513720874 1.7916519752645288 0.0400011704436318 4.0002006429531604e-02 0.04000416384571823 0.040008461081401485 1.8709734942168321e-06   
44 264 0.008017244872438151 1.9881042630324866 0.0400011704436318 4.0001295413841606e-02 0.0400033283668664 0.04000406545455005 2.2163047564693894e-06   
45 270 0.010792126562489845 2.285038728168758 0.040001067928160286 4.0001067928160286e-02 0.04000168679706711 0.04000216932248189 6.553210904064466e-07   
46 276 0.011755888392954267 3.55028756956238 0.04000044361549428 4.0000443615494277e-02 0.04000329886677763 0.04000480788578714 2.564227125564922e-06   
47 282 0.01104968183510958 3.6615863351001385 0.040000418186613464 4.0000418186613464e-02 0.04000171377228564 0.04000350210398745 1.2590337499507331e-06   
48 288 0.013085767691993704 3.8144028816981383 0.04000030702389911 4.0000307023899111e-02 0.04000096803774863 0.040006512482680764 1.8669016124128746e-06   
49 294 0.012235193654116652 4.804435067742129 0.04000014578347729 4.0000145783477291e-02 0.04000230175591795 0.04000473867340597 1.1488577539853218e-06   
50 300 0.013709533462769137 5.810770545083381 0.04000003119536351 4.0000031195363508e-02 0.04000061082499436 0.04000162928345447 6.40441626703625e-07   
51 306 0.013245268538209495 3.9320866198242332 0.04000003119536351 4.0000094548679137e-02 0.04000064441629258 0.04000165062980574 1.2886129073103048e-06   
52 312 0.012228266693771181 4.7308003213587195 0.04000003119536351 4.0000205902315566e-02 0.040001167020731754 0.0400017005647202 1.4486751187189895e-06   
53 318 0.012060842687264204 5.1791858132717445 0.04000003119536351 4.0000197465047772e-02 0.04000085038056105 0.04000154610573157 6.339837557919892e-07   
54 324 0.008977406580277663 5.498487229380333 0.04000003119536351 4.0000079277144086e-02 0.04000023808863657 0.04000067182215037 1.3926900598038028e-07   
55 330 0.006610756883870973 5.657828823322349 0.04000001064106353 4.0000010641063531e-02 0.04000006872185693 0.040000142198736086 8.61715054867318e-08   
56 336 0.005275087980827356 5.40136404080335 0.040000003884645426 4.0000003884645426e-02 0.04000005723269676 0.04000021649300091 4.1355610345961136e-08   
57 342 0.004299286649852838 5.808579762728034 0.04000000001410101 4.0000000014101013e-02 0.0400000319758102 0.0400001115878579 6.86004320016309e-08   
58 348 0.003346090786159523 5.992358523489585 0.04000000001410101 4.0000000167130678e-02 0.040000009702824926 0.04000002737413917 4.146181405151328e-09   
59 354 0.003455578230314808 5.7777540151384414 0.04000000001410101 4.0000007821231733e-02 0.04000002059931127 0.040000056585314414 3.534379803410426e-08   
60 360 0.0029627281982920846 5.426458327763128 0.04000000001410101 4.0000001201367798e-02 0.040000008758976136 0.040000039872745176 3.474755157217846e-09   
61 366 0.0023674837187435895 5.758951357699305 0.04000000001410101 4.0000000171008604e-02 0.040000004529761636 0.04000001810758245 1.1694418662611117e-08   
62 372 0.0019804529023514476 6.285450541249954 0.04000000001410101 4.0000000127786192e-02 0.04000000328212421 0.04000000774296985 2.7488784928864085e-09   
63 378 0.0017036771937517623 6.8075912267031 0.04000000001410101 4.0000000077839097e-02 0.04000000157293799 0.04000000911916536 3.5825682143109105e-09   
64 384 0.0016131216244705219 6.669862814057574 0.04000000001410101 4.0000000262043395e-02 0.04000000102606069 0.04000000279449528 1.887662207100682e-09   
65 390 0.00119293386185408 5.374382056523339 0.04000000001410101 4.0000000158975903e-02 0.04000000060990383 0.04000000112128093 4.0744209395260356e-10   
66 396 0.0009189553059421699 5.180254835570604 0.04000000001410101 4.0000000156901874e-02 0.04000000041445333 0.040000000514802306 2.2334620264352623e-10   
67 402 0.0010237226907459831 6.350292938834733 0.04000000000167731 4.0000000001677312e-02 0.0400000000682965 0.04000000038287745 9.359125280328229e-11   
68 408 0.0008496466945324817 9.452373283080037 0.04000000000167731 4.0000000008873000e-02 0.04000000027331987 0.040000000551469475 4.056272123742488e-10   
69 414 0.0007151476214932762 9.128321565284637 0.04000000000167731 4.0000000011444235e-02 0.04000000006595044 0.040000000197573715 1.5699881672492921e-10   
70 420 0.0005342067953473788 7.91039702409984 0.04000000000139836 4.0000000001398361e-02 0.04000000000789471 0.040000000074099706 2.2216485595638602e-11   
71 426 0.0004295991763775784 6.927171785813139 0.04000000000139836 4.0000000006732615e-02 0.040000000044045796 0.04000000005436414 3.539733089974462e-11   
72 432 0.0003285250415261239 7.560622206336717 0.04000000000139836 4.0000000001519910e-02 0.04000000001346069 0.04000000002451572 1.3265250009553142e-11   
73 438 0.0003016458171162604 6.7884613875716875 0.0400000000000386 4.0000000000038602e-02 0.0400000000066875 0.040000000025107056 1.1802059329824033e-11   
74 444 0.0002667948883584905 5.95863636595515 0.0400000000000386 4.0000000000505749e-02 0.04000000000236934 0.04000000001242443 3.5628514027941094e-12   
75 450 0.00022823573309755702 7.273882231506347 0.0400000000000386 4.0000000000169671e-02 0.04000000000173564 0.04000000000852151 7.698536252931376e-12   
76 456 0.0001648350706545819 6.77230282202263 0.0400000000000386 4.0000000000190182e-02 0.04000000000245361 0.04000000000706926 1.329034104990967e-12   
77 462 0.00013676349441251348 7.0152539544699435 0.040000000000018764 4.0000000000018764e-02 0.040000000000419575 0.040000000000807924 4.1812386886164177e-13   
78 468 0.00010366384982288516 6.286042646849134 0.04000000000001012 4.0000000000010118e-02 0.04000000000057773 0.0400000000008838 6.623729342791762e-13   
79 474 7.896363863214369e-05 5.134060424986287 0.04000000000001012 4.0000000000028901e-02 0.0400000000002153 0.04000000000036557 2.3698404350014357e-13   
80 480 6.604761221696767e-05 5.104157038055083 0.04000000000001012 4.0000000000014226e-02 0.04000000000009549 0.04000000000021072 1.143321548546794e-13   
81 486 4.9505315461242084e-05 4.605836847156604 0.04000000000000323 4.0000000000003227e-02 0.04000000000001003 0.04000000000005628 4.3319514642092827e-14   
82 492 3.7446354589085294e-05 5.0130877877411635 0.040000000000000306 4.0000000000000306e-02 0.04000000000000195 0.040000000000033786 7.688294445529209e-15   
83 498 3.335920148077408e-05 4.878817647672906 0.040000000000000306 4.0000000000003699e-02 0.040000000000011485 0.040000000000017855 8.382183835919932e-15   
84 504 3.003018726587224e-05 4.754468467200063 0.03999999999999998 3.9999999999999980e-02 0.04000000000000082 0.04000000000000465 4.309053114326389e-15   
85 510 2.4797744218010433e-05 5.202308898825497 0.03999999999999998 4.0000000000000070e-02 0.04000000000000075 0.040000000000001576 1.0061396160665481e-15   
86 516 1.888085569596352e-05 5.484672343013823 0.03999999999999998 4.0000000000000126e-02 0.040000000000002464 0.04000000000000725 5.280498260873401e-15   
87 522 1.4543936068203391e-05 6.336114179127331 0.03999999999999998 3.9999999999999994e-02 0.04000000000000061 0.04000000000000109 4.2327252813834093e-16   
88 528 1.2226620792276613e-05 6.691284007346691 0.03999999999999998 4.0000000000000063e-02 0.0400000000000003 0.04000000000000109 3.122502256758253e-16   
89 534 1.0245515969636163e-05 6.619245323790331 0.03999999999999998 3.9999999999999980e-02 0.0400000000000001 0.04000000000000069 4.440892098500626e-16   
