% # columns="iteration, evaluation, sigma, beta, void,  sigvec==sigma_vec.scaling factors from diagonal decoding", seed=174730, Sat Aug  2 08:13:39 2025, <python>{}</python>
1 6 1.3451051922311321 1 0 0.4468664944773849 0.3407332590512926
2 12 1.2724947733287038 1 0 0.4468664944773849 0.3407332590512926
3 18 1.4913129433617534 1 0 0.41888604115683187 0.3407332590512926
4 24 1.3042358855930924 1 0 0.41888604115683187 0.3407332590512926
5 30 1.0800992450985776 1 0 0.41888604115683187 0.3407332590512926
6 36 1.0490219408320898 1 0 0.41888604115683187 0.3407332590512926
7 42 0.8569749716013618 1 0 0.41888604115683187 0.3407332590512926
8 48 0.8708068766279939 1 0 0.41888604115683187 0.3407332590512926
9 54 0.9200969642743789 1 0 0.41888604115683187 0.3407332590512926
10 60 0.7376496226201461 1 0 0.41888604115683187 0.3407332590512926
11 66 0.8675682845793107 1 0 0.41888604115683187 0.3407332590512926
12 72 1.0139512228999705 1 0 0.41888604115683187 0.3407332590512926
13 78 0.7794885704597779 1 0 0.41888604115683187 0.3407332590512926
14 84 0.6137343881197076 1 0 0.41888604115683187 0.3407332590512926
15 90 0.6414519179410502 1 0 0.41888604115683187 0.3407332590512926
16 96 0.4811653761916822 1 0 0.41888604115683187 0.3407332590512926
17 102 0.39747888082616245 1 0 0.41888604115683187 0.3407332590512926
18 108 0.4326614994645514 1 0 0.41888604115683187 0.3407332590512926
19 114 0.48703517281588304 1 0 0.41888604115683187 0.3407332590512926
20 120 0.4166138257691041 1 0 0.41888604115683187 0.3407332590512926
21 126 0.39950419710926627 1 0 0.41888604115683187 0.3407332590512926
22 132 0.3158010006548919 1 0 0.41888604115683187 0.3407332590512926
23 138 0.25166551329340864 1 0 0.41888604115683187 0.3407332590512926
24 144 0.2171175425466245 1 0 0.41888604115683187 0.3407332590512926
25 150 0.18456713164115268 1 0 0.41888604115683187 0.3407332590512926
26 156 0.14948306475660042 1 0 0.41888604115683187 0.3407332590512926
27 162 0.11612317133145729 1 0 0.41888604115683187 0.3407332590512926
28 168 0.09351032502552696 1 0 0.41888604115683187 0.3407332590512926
29 174 0.07633997907477454 1 0 0.41888604115683187 0.3407332590512926
30 180 0.07267541630045218 1 0 0.41888604115683187 0.3407332590512926
31 186 0.07461544225565372 1 0 0.41888604115683187 0.3407332590512926
32 192 0.057990364954252 1 0 0.41888604115683187 0.3407332590512926
33 198 0.049448023229074725 1 0 0.41888604115683187 0.3407332590512926
34 204 0.04063810684080037 1 0 0.41888604115683187 0.3407332590512926
35 210 0.030181050266610426 1 0 0.41888604115683187 0.3407332590512926
36 216 0.025008157607105938 1 0 0.41888604115683187 0.3407332590512926
37 222 0.020843631708357457 1 0 0.41888604115683187 0.3407332590512926
38 228 0.01903551217559753 1 0 0.41888604115683187 0.3407332590512926
39 234 0.014948283030262306 1 0 0.41888604115683187 0.3407332590512926
40 240 0.015931856142351996 1 0 0.41888604115683187 0.3407332590512926
41 246 0.01291530868630537 1 0 0.41888604115683187 0.3407332590512926
42 252 0.010304894618851253 1 0 0.41888604115683187 0.3407332590512926
43 258 0.008599220513720874 1 0 0.41888604115683187 0.3407332590512926
44 264 0.008017244872438151 1 0 0.41888604115683187 0.3407332590512926
45 270 0.010792126562489845 1 0 0.41888604115683187 0.3407332590512926
46 276 0.011755888392954267 1 0 0.41888604115683187 0.3407332590512926
47 282 0.01104968183510958 1 0 0.41888604115683187 0.3407332590512926
48 288 0.013085767691993704 1 0 0.41888604115683187 0.3407332590512926
49 294 0.012235193654116652 1 0 0.41888604115683187 0.3407332590512926
50 300 0.013709533462769137 1 0 0.41888604115683187 0.3407332590512926
51 306 0.013245268538209495 1 0 0.41888604115683187 0.3407332590512926
52 312 0.012228266693771181 1 0 0.41888604115683187 0.3407332590512926
53 318 0.012060842687264204 1 0 0.41888604115683187 0.3407332590512926
54 324 0.008977406580277663 1 0 0.41888604115683187 0.3407332590512926
55 330 0.006610756883870973 1 0 0.41888604115683187 0.3407332590512926
56 336 0.005275087980827356 1 0 0.41888604115683187 0.3407332590512926
57 342 0.004299286649852838 1 0 0.41888604115683187 0.3407332590512926
58 348 0.003346090786159523 1 0 0.41888604115683187 0.3407332590512926
59 354 0.003455578230314808 1 0 0.41888604115683187 0.3407332590512926
60 360 0.0029627281982920846 1 0 0.41888604115683187 0.3407332590512926
61 366 0.0023674837187435895 1 0 0.41888604115683187 0.3407332590512926
62 372 0.0019804529023514476 1 0 0.41888604115683187 0.3407332590512926
63 378 0.0017036771937517623 1 0 0.41888604115683187 0.3407332590512926
64 384 0.0016131216244705219 1 0 0.41888604115683187 0.3407332590512926
65 390 0.00119293386185408 1 0 0.41888604115683187 0.3407332590512926
66 396 0.0009189553059421699 1 0 0.41888604115683187 0.3407332590512926
67 402 0.0010237226907459831 1 0 0.41888604115683187 0.3407332590512926
68 408 0.0008496466945324817 1 0 0.41888604115683187 0.3407332590512926
69 414 0.0007151476214932762 1 0 0.41888604115683187 0.3407332590512926
70 420 0.0005342067953473788 1 0 0.41888604115683187 0.3407332590512926
71 426 0.0004295991763775784 1 0 0.41888604115683187 0.3407332590512926
72 432 0.0003285250415261239 1 0 0.41888604115683187 0.3407332590512926
73 438 0.0003016458171162604 1 0 0.41888604115683187 0.3407332590512926
74 444 0.0002667948883584905 1 0 0.41888604115683187 0.3407332590512926
75 450 0.00022823573309755702 1 0 0.41888604115683187 0.3407332590512926
76 456 0.0001648350706545819 1 0 0.41888604115683187 0.3407332590512926
77 462 0.00013676349441251348 1 0 0.41888604115683187 0.3407332590512926
78 468 0.00010366384982288516 1 0 0.41888604115683187 0.3407332590512926
79 474 7.896363863214369e-05 1 0 0.41888604115683187 0.3407332590512926
80 480 6.604761221696767e-05 1 0 0.41888604115683187 0.3407332590512926
81 486 4.9505315461242084e-05 1 0 0.41888604115683187 0.3407332590512926
82 492 3.7446354589085294e-05 1 0 0.41888604115683187 0.3407332590512926
83 498 3.335920148077408e-05 1 0 0.41888604115683187 0.3407332590512926
84 504 3.003018726587224e-05 1 0 0.41888604115683187 0.3407332590512926
85 510 2.4797744218010433e-05 1 0 0.41888604115683187 0.3407332590512926
86 516 1.888085569596352e-05 1 0 0.41888604115683187 0.3407332590512926
87 522 1.4543936068203391e-05 1 0 0.41888604115683187 0.3407332590512926
88 528 1.2226620792276613e-05 1 0 0.41888604115683187 0.3407332590512926
89 534 1.0245515969636163e-05 1 0 0.41888604115683187 0.3407332590512926
89 534 1.0245515969636163e-05 1 0 0.41888604115683187 0.3407332590512926
