% # columns="iteration, evaluation, sigma, void, void,  stds==sigma*sigma_vec.scaling*sqrt(diag(C))", seed=174730, Sat Aug  2 08:13:39 2025, <python>{}</python>
1 6 1.3451051922311321 0 0 0.6000000000000001 0.6
2 12 1.2724947733287038 0 0 0.5000979131958714 0.5558165495489401
3 18 1.4913129433617534 0 0 0.6000000000000001 0.5738236981727284
4 24 1.3042358855930924 0 0 0.5039859617706144 0.4545064666928414
5 30 1.0800992450985776 0 0 0.40041550504793016 0.3139016826524662
6 36 1.0490219408320898 0 0 0.397611197257234 0.30109074051872275
7 42 0.8569749716013618 0 0 0.3044529265139743 0.21677645332040568
8 48 0.8708068766279939 0 0 0.3090694232876283 0.2576695902860563
9 54 0.9200969642743789 0 0 0.37170513666936383 0.2622048188605293
10 60 0.7376496226201461 0 0 0.2950934291386904 0.192258565355114
11 66 0.8675682845793107 0 0 0.30577959806359806 0.24491066030501643
12 72 1.0139512228999705 0 0 0.3564163550971764 0.2754754170671301
13 78 0.7794885704597779 0 0 0.25507230253102564 0.21132016302220905
14 84 0.6137343881197076 0 0 0.1810240264016557 0.16387344306327117
15 90 0.6414519179410502 0 0 0.2005212296382891 0.18790909359778377
16 96 0.4811653761916822 0 0 0.14943756207841652 0.1341836519845226
17 102 0.39747888082616245 0 0 0.11886264094170607 0.1111512855248125
18 108 0.4326614994645514 0 0 0.14000809610965728 0.13806122691750486
19 114 0.48703517281588304 0 0 0.16241099427507716 0.15209550767884314
20 120 0.4166138257691041 0 0 0.12218074654737608 0.1120641719099543
21 126 0.39950419710926627 0 0 0.11393500819302921 0.09582240083696995
22 132 0.3158010006548919 0 0 0.08848840546447866 0.07498238310064406
23 138 0.25166551329340864 0 0 0.05845658195836029 0.0514147195509186
24 144 0.2171175425466245 0 0 0.05168633364052108 0.04624916032369397
25 150 0.18456713164115268 0 0 0.04403812528461192 0.03908042421274707
26 156 0.14948306475660042 0 0 0.03216549522880941 0.029223850581113375
27 162 0.11612317133145729 0 0 0.019892002988634312 0.017708656233231465
28 168 0.09351032502552696 0 0 0.014492277440989753 0.013039161500126089
29 174 0.07633997907477454 0 0 0.009555796524212552 0.008461318328171406
30 180 0.07267541630045218 0 0 0.009346658974583694 0.008453414794249459
31 186 0.07461544225565372 0 0 0.008124068327443584 0.007595683933433644
32 192 0.057990364954252 0 0 0.005571750152695077 0.005039665994458538
33 198 0.049448023229074725 0 0 0.003965089406741286 0.003564043027206885
34 204 0.04063810684080037 0 0 0.0025351859266484937 0.0022841226125096484
35 210 0.030181050266610426 0 0 0.001581663165096771 0.0014929515547341097
36 216 0.025008157607105938 0 0 0.001138323999611487 0.0009879624314200533
37 222 0.020843631708357457 0 0 0.0008123335011560861 0.0006793875266723265
38 228 0.01903551217559753 0 0 0.0006893354340619605 0.0005181929513336958
39 234 0.014948283030262306 0 0 0.00041821768560669026 0.00035250634565900905
40 240 0.015931856142351996 0 0 0.00044919066868446536 0.00031288707233189734
41 246 0.01291530868630537 0 0 0.00033383832034483734 0.00021980290306154016
42 252 0.010304894618851253 0 0 0.00023422667712407914 0.00014649526980401828
43 258 0.008599220513720874 0 0 0.00018711880353396214 0.00010670709074094576
44 264 0.008017244872438151 0 0 0.000177061304502559 9.137919158554296e-05
45 270 0.010792126562489845 0 0 0.00032575774017341196 0.00010746078533999303
46 276 0.011755888392954267 0 0 0.0003436060846583712 9.266698153890064e-05
47 282 0.01104968183510958 0 0 0.00029972539888622346 7.670781988560455e-05
48 288 0.013085767691993704 0 0 0.0004031300590804963 7.565394665190025e-05
49 294 0.012235193654116652 0 0 0.00038064606032890436 5.900683984896532e-05
50 300 0.013709533462769137 0 0 0.0003443948650183452 7.433556724615836e-05
51 306 0.013245268538209495 0 0 0.0003353752071565338 5.9735767820898885e-05
52 312 0.012228266693771181 0 0 0.00030703037372658903 4.831418354544828e-05
53 318 0.012060842687264204 0 0 0.0003091603263661672 4.579952770394656e-05
54 324 0.008977406580277663 0 0 0.00020715176779058473 2.984851564814125e-05
55 330 0.006610756883870973 0 0 0.00013021245724715753 1.961219308394089e-05
56 336 0.005275087980827356 0 0 9.620873937762073e-05 1.3533764811112766e-05
57 342 0.004299286649852838 0 0 7.011302618933523e-05 9.603714984806575e-06
58 348 0.003346090786159523 0 0 4.736170794700245e-05 6.685293206232067e-06
59 354 0.003455578230314808 0 0 4.6458628465172815e-05 6.964461380689805e-06
60 360 0.0029627281982920846 0 0 3.7994853327316634e-05 5.493020399093511e-06
61 366 0.0023674837187435895 0 0 2.797527876919944e-05 3.6766447186989062e-06
62 372 0.0019804529023514476 0 0 2.1790748080385445e-05 2.7604512917600813e-06
63 378 0.0017036771937517623 0 0 1.6961077876263444e-05 2.1188756950318736e-06
64 384 0.0016131216244705219 0 0 1.3124114916038731e-05 1.9893844363902482e-06
65 390 0.00119293386185408 0 0 8.420319407940264e-06 1.3226801215561905e-06
66 396 0.0009189553059421699 0 0 6.333447660221982e-06 8.116832708180448e-07
67 402 0.0010237226907459831 0 0 8.470634619794041e-06 7.336808155481667e-07
68 408 0.0008496466945324817 0 0 6.060220516460355e-06 5.614123908501667e-07
69 414 0.0007151476214932762 0 0 4.213870355089973e-06 4.3333331207068683e-07
70 420 0.0005342067953473788 0 0 2.569097071191506e-06 3.025397096931007e-07
71 426 0.0004295991763775784 0 0 1.937733531642868e-06 2.1103195855918027e-07
72 432 0.0003285250415261239 0 0 1.2435518212686031e-06 1.524462994002216e-07
73 438 0.0003016458171162604 0 0 9.91980127525258e-07 1.3728789803693877e-07
74 444 0.0002667948883584905 0 0 8.705025658928598e-07 9.773395048504767e-08
75 450 0.00022823573309755702 0 0 6.504559071606218e-07 7.953869424720178e-08
76 456 0.0001648350706545819 0 0 4.248272511713126e-07 5.202295500099488e-08
77 462 0.00013676349441251348 0 0 2.9595555075941826e-07 3.85767485474659e-08
78 468 0.00010366384982288516 0 0 1.7655189478710335e-07 2.8159472240204084e-08
79 474 7.896363863214369e-05 0 0 1.1901097330291862e-07 1.8968569286072713e-08
80 480 6.604761221696767e-05 0 0 8.547515254194587e-08 1.5285305340543272e-08
81 486 4.9505315461242084e-05 0 0 5.867551827394005e-08 9.5814874919501e-09
82 492 3.7446354589085294e-05 0 0 3.8356209763174475e-08 6.396108203114191e-09
83 498 3.335920148077408e-05 0 0 3.0778993583026596e-08 5.405703618584626e-09
84 504 3.003018726587224e-05 0 0 2.6470132679552697e-08 4.687713661149879e-09
85 510 2.4797744218010433e-05 0 0 1.9913665420463235e-08 3.2224062875520025e-09
86 516 1.888085569596352e-05 0 0 1.4350499993096849e-08 2.0333855162060224e-09
87 522 1.4543936068203391e-05 0 0 1.002622103498599e-08 1.4046797689996576e-09
88 528 1.2226620792276613e-05 0 0 7.601118600275565e-09 9.79665511977358e-10
89 534 1.0245515969636163e-05 0 0 5.195834199588779e-09 7.86256644620241e-10
89 534 1.0245515969636163e-05 0 0 5.195834199588779e-09 7.86256644620241e-10
