% # columns="iteration, evaluation, void, void, void, xmean", seed=174730, Sat Aug  2 08:13:39 2025, <python>{}</python> # scaling_of_variables: 1, typical_x: 0
1 6 0 0 0 0.5746523285464253 0.889401703992024
2 12 0 0 0 0.5440626530080946 0.24891529739800433
3 18 0 0 0 1.0823454453399095 0.2899872994457437
4 24 0 0 0 1.001773635695285 0.10993738041476239
5 30 0 0 0 1.136653257676873 0.19880907163485576
6 36 0 0 0 0.8867966111326364 0.4625464817949069
7 42 0 0 0 0.9963477564665214 0.45979866849869705
8 48 0 0 0 1.2029703071803761 0.21105717533578253
9 54 0 0 0 0.8159532926410838 0.3829155739888704
10 60 0 0 0 0.8943052192734173 0.43688541482782506
11 66 0 0 0 0.8213655757468282 0.6061369848946266
12 72 0 0 0 1.097334529314294 0.5170024433117761
13 78 0 0 0 0.9434422179884032 0.474837745770039
14 84 0 0 0 0.9896606457699377 0.4970267221903251
15 90 0 0 0 1.1707221059633954 0.3222499968964071
16 96 0 0 0 1.062874175333488 0.40458656081415617
17 102 0 0 0 1.0151418425762062 0.4631289412534609
18 108 0 0 0 0.9225281996339918 0.5669716697467151
19 114 0 0 0 0.8242887988800217 0.627586723766847
20 120 0 0 0 0.8584234100013856 0.6266791535806838
21 126 0 0 0 0.9634640500093762 0.5417977830181474
22 132 0 0 0 0.8881801119969267 0.5995911209573176
23 138 0 0 0 0.9056687997174696 0.5915026464615323
24 144 0 0 0 0.8736591707425139 0.6198244441770611
25 150 0 0 0 0.8587266828364252 0.6334556592158423
26 156 0 0 0 0.8505070657603667 0.6404577502577589
27 162 0 0 0 0.849755912416251 0.6399754762949209
28 168 0 0 0 0.8566349379580214 0.6332324042367665
29 174 0 0 0 0.8599979719814359 0.6313351527371056
30 180 0 0 0 0.8525329912340002 0.638702784076969
31 186 0 0 0 0.8536492573857569 0.6391238324248832
32 192 0 0 0 0.8517219212931852 0.6400664921192644
33 198 0 0 0 0.8525695931448226 0.6400575407447682
34 204 0 0 0 0.8519771910583194 0.6398068611374027
35 210 0 0 0 0.8518597257366736 0.6399424747381052
36 216 0 0 0 0.8512955304664048 0.6403033339369781
37 222 0 0 0 0.8515562036513621 0.6399130072663459
38 228 0 0 0 0.851320625213835 0.6398953880172296
39 234 0 0 0 0.851221280713386 0.6399919774375417
40 240 0 0 0 0.8509386612396991 0.6399560235520567
41 246 0 0 0 0.8509476220868474 0.6399803765300265
42 252 0 0 0 0.8508752972123019 0.6400269540590954
43 258 0 0 0 0.8510266524787111 0.6399768305707279
44 264 0 0 0 0.8508573434588761 0.6399944982089514
45 270 0 0 0 0.8506028703841314 0.640057090427071
46 276 0 0 0 0.8505455310319994 0.6400172525563678
47 282 0 0 0 0.8504195438156561 0.6400427153529653
48 288 0 0 0 0.8501676318208079 0.6400285458913626
49 294 0 0 0 0.8500591537163953 0.6400662428583803
50 300 0 0 0 0.8500327472312769 0.6400003812476711
51 306 0 0 0 0.8498662235511263 0.6400052355983261
52 312 0 0 0 0.8501684303422294 0.6400317076084691
53 318 0 0 0 0.8499600795507638 0.6399843503181449
54 324 0 0 0 0.8499619320937257 0.6400033431387299
55 330 0 0 0 0.8499454110877462 0.6400022858376888
56 336 0 0 0 0.8500022117638626 0.6400028009850998
57 342 0 0 0 0.8500152059610218 0.6399987373329429
58 348 0 0 0 0.8499980879299387 0.6399975877898547
59 354 0 0 0 0.849970074140686 0.6399930426069512
60 360 0 0 0 0.8500062225809801 0.6399973612008056
61 366 0 0 0 0.8500036613790172 0.6399985737254064
62 372 0 0 0 0.8500078153399476 0.6399997618535158
63 378 0 0 0 0.8499956907867053 0.6399996414471048
64 384 0 0 0 0.8499925993408921 0.6400007894289929
65 390 0 0 0 0.8499926940869108 0.640000181873307
66 396 0 0 0 0.8499924810758521 0.6399998393980866
67 402 0 0 0 0.8500004795344668 0.6400001518740046
68 408 0 0 0 0.8500000442203561 0.6400000962776168
69 414 0 0 0 0.8500008225442811 0.6399998926872708
70 420 0 0 0 0.8499996248013107 0.6399999037123452
71 426 0 0 0 0.8499988618898083 0.6399999627004578
72 432 0 0 0 0.8499994947661602 0.6399999195096683
73 438 0 0 0 0.8500000842245176 0.6400000218003062
74 444 0 0 0 0.8500004770605266 0.6400000205751922
75 450 0 0 0 0.8500000596768903 0.6399999601374645
76 456 0 0 0 0.8500001854889914 0.6399999822099983
77 462 0 0 0 0.8499999983145393 0.6399999872113175
78 468 0 0 0 0.8499999874738726 0.6399999869177211
79 474 0 0 0 0.8499999985199637 0.6399999927293486
80 480 0 0 0 0.8500000079971288 0.6400000000970579
81 486 0 0 0 0.8499999890574768 0.6399999980100652
82 492 0 0 0 0.8499999925348918 0.6399999999362601
83 498 0 0 0 0.8499999759041925 0.6399999962022783
84 504 0 0 0 0.8500000015036602 0.6399999997144967
85 510 0 0 0 0.8500000063651295 0.6399999998603572
86 516 0 0 0 0.8500000007436186 0.6400000001178061
87 522 0 0 0 0.8500000051509765 0.6400000003026506
88 528 0 0 0 0.8499999995617665 0.6400000002040815
89 534 0 0 0 0.8499999973000176 0.6399999999234669
89 534 0 0 0 0.8499999973000176 0.6399999999234669
