% # columns="iter, evals, sigma, 0, fitness, xbest" seed=174730, Sat Aug  2 08:13:39 2025, <python>{}</python>
1 6 1.3451051922311321 0 0.07136343600445803 0.7331183204693285 0.5362894196548534
2 12 1.2724947733287038 0 2.4986640023661812 0.32474554727703464 -0.03746322574558292
3 18 1.4913129433617534 0 0.22777093003919435 0.5325552646874753 0.27398892198443897
4 24 1.3042358855930924 0 0.939290434323537 0.26077503814324166 0.1306803219387869
5 30 1.0800992450985776 0 0.4020087042919918 0.3858313355779578 0.16461559917392837
6 36 1.0490219408320898 0 0.09930859761808931 0.749858578710063 0.5431207633529184
7 42 0.8569749716013618 0 0.5897627951489999 0.688893493685402 0.4043620289787571
8 48 0.8708068766279939 0 0.41471995447855514 0.3568682136793576 0.12403609698816004
9 54 0.9200969642743789 0 0.17634792949535893 0.6793069096896902 0.434346280158683
10 60 0.7376496226201461 0 0.11219143262414137 0.6650660840236989 0.4426400742493275
11 66 0.8675682845793107 0 0.0431913451957615 0.7998760455576158 0.6341965584153029
12 72 1.0139512228999705 0 1.8682272378186147 0.5715743013597411 0.4564923536325006
13 78 0.7794885704597779 0 2.211514477853701 0.733218866306979 0.6839089935529182
14 84 0.6137343881197076 0 0.046969735677917936 0.7847155991822156 0.6132838522921548
15 90 0.6414519179410502 0 0.2468116971055093 0.5789198889385406 0.3615117044194315
16 96 0.4811653761916822 0 0.10110962505440699 0.6872662382673115 0.46658403943089005
17 102 0.39747888082616245 0 0.15797199336427203 0.7080526536720985 0.47436843980574633
18 108 0.4326614994645514 0 0.11886562917179877 0.7988433045025654 0.6661509131878738
19 114 0.48703517281588304 0 0.04663015356075802 0.7973690860774291 0.6432612830389683
20 120 0.4166138257691041 0 0.04126894742364679 0.7968869333257891 0.6346542238314659
21 126 0.39950419710926627 0 0.15777599011807114 0.7159092726350215 0.5402872913634967
22 132 0.3158010006548919 0 0.05702912527747153 0.7979770033395729 0.6495014386220492
23 138 0.25166551329340864 0 0.05743231041101223 0.7983956948159511 0.6244788284194435
24 144 0.2171175425466245 0 0.057675185261018905 0.7992194289821396 0.6519283217719634
25 150 0.18456713164115268 0 0.043001449629222414 0.7999707617346189 0.6454210834436709
26 156 0.14948306475660042 0 0.04039330170899681 0.7999960504620559 0.6419728772540271
27 162 0.11612317133145729 0 0.040107393191719 0.7999997317157451 0.6410353597099914
28 168 0.09351032502552696 0 0.044820997782969496 0.799573440790407 0.6461369189530044
29 174 0.07633997907477454 0 0.04131796842064145 0.7998685233117659 0.6362324640372962
30 180 0.07267541630045218 0 0.04003472476846585 0.7999979293913219 0.6405788942160946
31 186 0.07461544225565372 0 0.04262960091219237 0.7999574198992445 0.6450432013255876
32 192 0.057990364954252 0 0.0400013011196789 0.7999970541363685 0.6400303245417843
33 198 0.049448023229074725 0 0.04001236283978757 0.7999734540240044 0.6398254762172945
34 204 0.04063810684080037 0 0.040010060063950366 0.7999884580799362 0.639748227195158
35 210 0.030181050266610426 0 0.040006453901168346 0.7999839460664784 0.6399564058567355
36 216 0.025008157607105938 0 0.04002312963494868 0.7999887524811423 0.6404136347358739
37 222 0.020843631708357457 0 0.040011853673367986 0.799984334284671 0.6397385637442957
38 228 0.01903551217559753 0 0.04000572511480007 0.7999950961265678 0.6397981553374069
39 234 0.014948283030262306 0 0.04000265274557384 0.7999934326042465 0.6399734472288564
40 240 0.015931856142351996 0 0.0400011704436318 0.7999972927107184 0.6400252522234922
41 246 0.01291530868630537 0 0.04000195378087761 0.7999951674232567 0.6399778710861602
42 252 0.010304894618851253 0 0.04000293389409552 0.7999964974024854 0.6401182038859305
43 258 0.008599220513720874 0 0.040002006429531604 0.7999950791629327 0.639972615024283
44 264 0.008017244872438151 0 0.040001295413841606 0.799996765118651 0.639991015214141
45 270 0.010792126562489845 0 0.040001067928160286 0.7999987880424518 0.640074424713728
46 276 0.011755888392954267 0 0.04000044361549428 0.7999988935741439 0.6399949987329241
47 282 0.01104968183510958 0 0.040000418186613464 0.7999991422517426 0.6400260295331617
48 288 0.013085767691993704 0 0.04000030702389911 0.7999999999253187 0.6400554069221724
49 294 0.012235193654116652 0 0.04000014578347729 0.799999984688232 0.6400373464484221
50 300 0.013709533462769137 0 0.04000003119536351 0.7999999388386234 0.6399916979909416
51 306 0.013245268538209495 0 0.04000009454867914 0.799999766288249 0.6399963642762968
52 312 0.012228266693771181 0 0.040000205902315566 0.7999998703887206 0.6400390428177644
53 318 0.012060842687264204 0 0.04000019746504777 0.7999999375991953 0.6399583664709435
54 324 0.008977406580277663 0 0.040000079277144086 0.7999998063833648 0.6400039685922067
55 330 0.006610756883870973 0 0.04000001064106353 0.7999999758289513 0.639996842603054
56 336 0.005275087980827356 0 0.040000003884645426 0.7999999966120189 0.6400050239459737
57 342 0.004299286649852838 0 0.04000000001410101 0.799999999999559 0.6400003731559766
58 348 0.003346090786159523 0 0.04000000016713068 0.7999999996297269 0.6399995632718465
59 354 0.003455578230314808 0 0.04000000782123173 0.7999999876727242 0.6399946041055536
60 360 0.0029627281982920846 0 0.0400000012013678 0.7999999979413172 0.6399980527548346
61 366 0.0023674837187435895 0 0.040000000171008604 0.7999999999985088 0.6399986945776805
62 372 0.0019804529023514476 0 0.04000000012778619 0.7999999997886104 0.6400006571595546
63 378 0.0017036771937517623 0 0.0400000000778391 0.7999999999983777 0.6400008785767509
64 384 0.0016131216244705219 0 0.040000000262043395 0.7999999993455807 0.6400000514596181
65 390 0.00119293386185408 0 0.0400000001589759 0.7999999997914944 0.6400008689975053
66 396 0.0009189553059421699 0 0.040000000156901874 0.7999999996448646 0.6400003847588803
67 402 0.0010237226907459831 0 0.04000000000167731 0.7999999999963698 0.6400000474537957
68 408 0.0008496466945324817 0 0.040000000008873 0.7999999999992652 0.6400002928994523
69 414 0.0007151476214932762 0 0.040000000011444235 0.7999999999999958 0.6399996617314144
70 420 0.0005342067953473788 0 0.04000000000139836 0.7999999999978356 0.63999992701834
71 426 0.0004295991763775784 0 0.040000000006732615 0.7999999999845571 0.6400000745030311
72 432 0.0003285250415261239 0 0.04000000000151991 0.7999999999999695 0.639999877210805
73 438 0.0003016458171162604 0 0.0400000000000386 0.7999999999999368 0.6400000115377645
74 444 0.0002667948883584905 0 0.04000000000050575 0.7999999999991624 0.6400000413149795
75 450 0.00022823573309755702 0 0.04000000000016967 0.7999999999999798 0.6399999597995524
76 456 0.0001648350706545819 0 0.04000000000019018 0.7999999999998072 0.6400000336239944
77 462 0.00013676349441251348 0 0.040000000000018764 0.7999999999999988 0.6399999864746928
78 468 0.00010366384982288516 0 0.04000000000001012 0.7999999999999812 0.6399999949129475
79 474 7.896363863214369e-05 0 0.0400000000000289 0.7999999999999872 0.6399999845849154
80 480 6.604761221696767e-05 0 0.040000000000014226 0.799999999999979 0.6399999923795876
81 486 4.9505315461242084e-05 0 0.04000000000000323 0.8 0.6399999943006184
82 492 3.7446354589085294e-05 0 0.040000000000000306 0.7999999999999994 0.6399999992425014
83 498 3.335920148077408e-05 0 0.0400000000000037 0.7999999999999959 0.6399999954454142
84 504 3.003018726587224e-05 0 0.03999999999999998 0.8 0.640000000185302
85 510 2.4797744218010433e-05 0 0.04000000000000007 0.7999999999999998 0.6400000000638034
86 516 1.888085569596352e-05 0 0.040000000000000126 0.7999999999999999 0.6400000009770578
87 522 1.4543936068203391e-05 0 0.039999999999999994 0.8 0.639999999674823
88 528 1.2226620792276613e-05 0 0.04000000000000006 0.7999999999999999 0.6400000006063631
89 534 1.0245515969636163e-05 0 0.03999999999999998 0.8 0.6399999998922237
89 534 1.0245515969636163e-05 0 0.03999999999999998 0.8 0.6399999998922237
