% # columns="iteration, evaluation, sigma, max axis length,  min axis length, all principal axes lengths  (sorted square roots of eigenvalues of C)", seed=388318, Wed Jul 23 13:35:30 2025
1 6 1.3083167224263748 1.0000250003125026 1.0 1.0 1.0000250003125026
2 12 1.3773487268169178 1.3348023594375078 0.900416137741197 0.900416137741197 1.3348023594375078
3 18 1.2160751955749467 1.2251879711276512 0.8943099744523445 0.8943099744523445 1.2251879711276512
4 24 1.1082703419848277 1.2341544485739113 0.7016988146444756 0.7016988146444756 1.2341544485739113
5 30 0.9791763906045521 1.138456975554228 0.6460057450206185 0.6460057450206185 1.138456975554228
6 36 0.8292615512128267 0.952805908726363 0.6605535045802912 0.6605535045802912 0.952805908726363
7 42 0.6362645762660442 0.8490768720867536 0.6007253875341849 0.6007253875341849 0.8490768720867536
8 48 0.5922153864303208 0.7270082319479578 0.5365500211622741 0.5365500211622741 0.7270082319479578
9 54 0.4941382941467366 0.682145099384873 0.4864999882340904 0.4864999882340904 0.682145099384873
10 60 0.4787636315759519 0.6531123980043696 0.3916735324085451 0.3916735324085451 0.6531123980043696
11 66 0.42802305903992494 0.6300696820099998 0.3587131937018632 0.3587131937018632 0.6300696820099998
12 72 0.4008488788373577 0.6485004349936143 0.2953664351877336 0.2953664351877336 0.6485004349936143
13 78 0.30208565396974385 0.64217774711731 0.2535353334830924 0.2535353334830924 0.64217774711731
14 84 0.269593219024806 0.6135702297160475 0.21861681048952858 0.21861681048952858 0.6135702297160475
15 90 0.2355506108811562 0.6016643097692639 0.18735347416140646 0.18735347416140646 0.6016643097692639
16 96 0.21912063590219066 0.5604460403439818 0.16814163256843861 0.16814163256843861 0.5604460403439818
17 102 0.19959416096252658 0.5279192279052517 0.15425630746840457 0.15425630746840457 0.5279192279052517
18 108 0.22183668247772836 0.5429881153367203 0.12516285093118684 0.12516285093118684 0.5429881153367203
19 114 0.3086704399648771 0.5407151526103626 0.12648149347338566 0.12648149347338566 0.5407151526103626
20 120 0.41357569103754166 0.7383165041875571 0.10628678855452793 0.10628678855452793 0.7383165041875571
21 126 0.42496265340361145 0.9284458497633906 0.0842846995675553 0.0842846995675553 0.9284458497633906
22 132 0.478835194743119 0.8683814098699432 0.07816377579756852 0.07816377579756852 0.8683814098699432
23 138 0.44429134650085167 0.8920356519486362 0.08080899864710814 0.08080899864710814 0.8920356519486362
24 144 0.33414308917348395 0.7658695984517889 0.07740439756727184 0.07740439756727184 0.7658695984517889
25 150 0.29912421699163094 0.7051423204844581 0.0649311274906336 0.0649311274906336 0.7051423204844581
26 156 0.327717182699421 0.5673927388320174 0.06778908042333871 0.06778908042333871 0.5673927388320174
27 162 0.2508957109211838 0.5921165200413252 0.0644561245220109 0.0644561245220109 0.5921165200413252
28 168 0.24631064073723685 0.5014704131445196 0.061474334149573345 0.061474334149573345 0.5014704131445196
29 174 0.2586219132728182 0.41912026747065223 0.06442864995569994 0.06442864995569994 0.41912026747065223
30 180 0.22959439067386808 0.4155887865714265 0.06231838159000701 0.06231838159000701 0.4155887865714265
31 186 0.2045823036323699 0.37875566418697176 0.05911056016386937 0.05911056016386937 0.37875566418697176
32 192 0.1671180792284033 0.31491578357084676 0.06107030746346072 0.06107030746346072 0.31491578357084676
33 198 0.15132658102126703 0.2951643138200979 0.05108335246922819 0.05108335246922819 0.2951643138200979
34 204 0.11349275770740555 0.25353883915854347 0.051680777096761735 0.051680777096761735 0.25353883915854347
35 210 0.10714472915971897 0.2150410903842268 0.047136169830682445 0.047136169830682445 0.2150410903842268
36 216 0.1507520131233073 0.20896030803392004 0.04376804410926099 0.04376804410926099 0.20896030803392004
37 222 0.12741884618681226 0.28726168929710505 0.04195624415073814 0.04195624415073814 0.28726168929710505
38 228 0.10027071893095331 0.25418874849914475 0.036519637971517464 0.036519637971517464 0.25418874849914475
39 234 0.11387546622211135 0.23738434824340962 0.031085425428706414 0.031085425428706414 0.23738434824340962
40 240 0.09188447102761119 0.22906579928728046 0.03320476592360417 0.03320476592360417 0.22906579928728046
41 246 0.08998662202135757 0.20084188792221308 0.029159703807819626 0.029159703807819626 0.20084188792221308
42 252 0.11765446877984274 0.1637604268620413 0.030800509570241188 0.030800509570241188 0.1637604268620413
43 258 0.16164743067993695 0.16721930377866726 0.03230537891235718 0.03230537891235718 0.16721930377866726
44 264 0.13168002906068785 0.14278409405811904 0.04090734844969815 0.04090734844969815 0.14278409405811904
45 270 0.1232598052661363 0.12567213144796302 0.03537976867522748 0.03537976867522748 0.12567213144796302
46 276 0.1172999456869918 0.12023109888841559 0.032915937675296096 0.032915937675296096 0.12023109888841559
47 282 0.17007459523960797 0.11452635429671423 0.029623252253909202 0.029623252253909202 0.11452635429671423
48 288 0.1669413816477055 0.1049093516664771 0.0394470799831665 0.0394470799831665 0.1049093516664771
49 294 0.14778472781531496 0.10182689583610316 0.0332343378172555 0.0332343378172555 0.10182689583610316
50 300 0.1266563129301984 0.09258373355527556 0.029535901022983268 0.029535901022983268 0.09258373355527556
51 306 0.12114827993137266 0.08574159335315379 0.025569145299261683 0.025569145299261683 0.08574159335315379
52 312 0.12158538391817088 0.08584432072680201 0.022916446918355964 0.022916446918355964 0.08584432072680201
53 318 0.11795816868650309 0.08152401171069559 0.021769065717793246 0.021769065717793246 0.08152401171069559
54 324 0.09946669360253306 0.08099064636586037 0.01795708547711844 0.01795708547711844 0.08099064636586037
55 330 0.09585459237241564 0.07857888317485238 0.014421203228767566 0.014421203228767566 0.07857888317485238
56 336 0.0774071268831432 0.07843216668951764 0.01345907404537654 0.01345907404537654 0.07843216668951764
57 342 0.06916025239373925 0.07066026744967666 0.011755473659773773 0.011755473659773773 0.07066026744967666
58 348 0.056008309016376025 0.06298269730845098 0.011268634752874724 0.011268634752874724 0.06298269730845098
59 354 0.04480439785750225 0.05467704834014357 0.010387268944655007 0.010387268944655007 0.05467704834014357
60 360 0.03535236456209531 0.051038649252240144 0.008868700508363919 0.008868700508363919 0.051038649252240144
61 366 0.025709230872045276 0.04375637449916993 0.008005757768326214 0.008005757768326214 0.04375637449916993
62 372 0.02040052228057542 0.038025798281315644 0.006988190273959573 0.006988190273959573 0.038025798281315644
63 378 0.023019902776478515 0.03112113317376634 0.006609771637814572 0.006609771637814572 0.03112113317376634
64 384 0.019540019760363653 0.032625691228381944 0.006602197535017884 0.006602197535017884 0.032625691228381944
65 390 0.01656571886765845 0.029567688897180408 0.006047929148638539 0.006047929148638539 0.029567688897180408
66 396 0.01759746542060978 0.027336267113690207 0.005352675773638267 0.005352675773638267 0.027336267113690207
67 402 0.012707876177972791 0.02736740106383921 0.005365311172143785 0.005365311172143785 0.02736740106383921
68 408 0.010829977157304911 0.024957929407963132 0.004578741302039817 0.004578741302039817 0.024957929407963132
69 414 0.011675708471307994 0.02180967600427631 0.00424496296595885 0.00424496296595885 0.02180967600427631
70 420 0.009693608964776307 0.023340660464169955 0.003820449898696178 0.003820449898696178 0.023340660464169955
71 426 0.007957171264937082 0.019267847415083132 0.003666672713804434 0.003666672713804434 0.019267847415083132
72 432 0.006653464413411007 0.01635276834546358 0.0034036340773207123 0.0034036340773207123 0.01635276834546358
73 438 0.00511303052889738 0.014061883405812946 0.0032603384327106306 0.0032603384327106306 0.014061883405812946
74 444 0.0038550359790043096 0.01268375079571053 0.0030280157975183914 0.0030280157975183914 0.01268375079571053
75 450 0.003475292395366131 0.010693194203054682 0.002815021569373859 0.002815021569373859 0.010693194203054682
76 456 0.0026205290243829812 0.008327982575483154 0.002942475292894834 0.002942475292894834 0.008327982575483154
77 462 0.002028869736504333 0.007773046065957429 0.0025090779658652343 0.0025090779658652343 0.007773046065957429
78 468 0.002152378931517754 0.007350753567037776 0.0020239858860164567 0.0020239858860164567 0.007350753567037776
79 474 0.0019003569945170123 0.008062618174344548 0.0018023772364141872 0.0018023772364141872 0.008062618174344548
80 480 0.0017374282988743784 0.008096747757088258 0.001472517552941015 0.001472517552941015 0.008096747757088258
81 486 0.0014402760099379703 0.008107179488208284 0.001308752770873343 0.001308752770873343 0.008107179488208284
82 492 0.0013276640074541906 0.007586858881791314 0.0011425475126879484 0.0011425475126879484 0.007586858881791314
83 498 0.0010394648751913427 0.007756402224900153 0.0009554377610539064 0.0009554377610539064 0.007756402224900153
84 504 0.000993050007818765 0.0068894610555210395 0.000868015676790843 0.000868015676790843 0.0068894610555210395
85 510 0.0008202862836308814 0.006542999331036715 0.0008183444517044289 0.0008183444517044289 0.006542999331036715
86 516 0.0006236682244938748 0.005718765576080409 0.0007386790056515299 0.0007386790056515299 0.005718765576080409
87 522 0.0006643844834350326 0.005060983123952841 0.0006421152320545935 0.0006421152320545935 0.005060983123952841
88 528 0.000515123623657589 0.004839805189174482 0.000672763351355594 0.000672763351355594 0.004839805189174482
89 534 0.0004268165412980079 0.004625202109825766 0.0005635004826043111 0.0005635004826043111 0.004625202109825766
90 540 0.00034909972574501775 0.003977097395459162 0.0005419576231469206 0.0005419576231469206 0.003977097395459162
91 546 0.00030801808753365563 0.0037437724451263475 0.0004459039647135745 0.0004459039647135745 0.0037437724451263475
92 552 0.00023239370799982208 0.0030685680170488027 0.00045436644303248406 0.00045436644303248406 0.0030685680170488027
93 558 0.00019845658870038113 0.002887589876501777 0.0003740463061719574 0.0003740463061719574 0.002887589876501777
94 564 0.00014409013811818622 0.0023036952600093974 0.0003809915989826886 0.0003809915989826886 0.0023036952600093974
95 570 0.00011899622021724156 0.002119443539980524 0.00031836889770801353 0.00031836889770801353 0.002119443539980524
96 576 9.317015471393416e-05 0.0016576977907999252 0.00031827629419169454 0.00031827629419169454 0.0016576977907999252
97 582 7.301833484228449e-05 0.0013887307996275234 0.00029655518486572917 0.00029655518486572917 0.0013887307996275234
98 588 6.521174899159891e-05 0.0013012687621470295 0.00024241931315012742 0.00024241931315012742 0.0013012687621470295
99 594 4.92571193103188e-05 0.0011827666857963837 0.0002288590037560468 0.0002288590037560468 0.0011827666857963837
100 600 4.033804564906511e-05 0.0010179086605929285 0.00020673597791197887 0.00020673597791197887 0.0010179086605929285
101 606 3.515478460437052e-05 0.0009150086749912468 0.0001842409655252089 0.0001842409655252089 0.0009150086749912468
102 612 2.8112383052716575e-05 0.0007866867891684297 0.00017351590905906542 0.00017351590905906542 0.0007866867891684297
102 612 2.8112383052716575e-05 0.0007866867891684297 0.00017351590905906542 0.00017351590905906542 0.0007866867891684297
