% # columns="iteration, evaluation, min max(neg(.)) min(pos(.)) max correlation, correlation matrix principal axes lengths  (sorted square roots of eigenvalues of correlation matrix)", seed=388318, Wed Jul 23 13:35:30 2025
1 6 -0.2935011829627523 -0.2935011829627523 -0.2935011829627523 -0.2935011829627523 0.8405348398711667 1.1373219346177899
2 12 -0.2935011829627523 -0.2935011829627523 -0.2935011829627523 -0.2935011829627523 0.8405348398711667 1.1373219346177899
3 18 -0.32896265354605847 -0.32896265354605847 -0.32896265354605847 -0.32896265354605847 0.8191686923057677 1.1528064250107466
4 24 -0.32896265354605847 -0.32896265354605847 -0.32896265354605847 -0.32896265354605847 0.8191686923057677 1.1528064250107466
5 30 -0.20297725261914837 -0.20297725261914837 -0.20297725261914837 -0.20297725261914837 0.8927613048182876 1.0968031968494385
6 36 -0.20297725261914837 -0.20297725261914837 -0.20297725261914837 -0.20297725261914837 0.8927613048182876 1.0968031968494385
7 42 -0.01019054744507637 -0.01019054744507637 -0.01019054744507637 -0.01019054744507637 0.9948916788047448 1.005082358538382
8 48 -0.01019054744507637 -0.01019054744507637 -0.01019054744507637 -0.01019054744507637 0.9948916788047448 1.005082358538382
9 54 -0.43067769195843075 -0.43067769195843075 -0.43067769195843075 -0.43067769195843075 0.7545344975821643 1.196109397989344
10 60 -0.43067769195843075 -0.43067769195843075 -0.43067769195843075 -0.43067769195843075 0.7545344975821643 1.196109397989344
11 66 -0.6339126721172634 -0.6339126721172634 -0.6339126721172634 -0.6339126721172634 0.6050515084542281 1.2782459356936222
12 72 -0.6339126721172634 -0.6339126721172634 -0.6339126721172634 -0.6339126721172634 0.6050515084542281 1.2782459356936222
13 78 -0.7566801185396156 -0.7566801185396156 -0.7566801185396156 -0.7566801185396156 0.493274651143138 1.325398098134902
14 84 -0.7566801185396156 -0.7566801185396156 -0.7566801185396156 -0.7566801185396156 0.493274651143138 1.325398098134902
15 90 -0.8316375906080249 -0.8316375906080249 -0.8316375906080249 -0.8316375906080249 0.4103198866640213 1.3533800614047868
16 96 -0.8316375906080249 -0.8316375906080249 -0.8316375906080249 -0.8316375906080249 0.4103198866640213 1.3533800614047868
17 102 -0.8852490196388486 -0.8852490196388486 -0.8852490196388486 -0.8852490196388486 0.3387491407533769 1.3730437063833214
18 108 -0.8852490196388486 -0.8852490196388486 -0.8852490196388486 -0.8852490196388486 0.3387491407533769 1.3730437063833214
19 114 -0.9496180625909308 -0.9496180625909308 -0.9496180625909308 -0.9496180625909308 0.22445921101409255 1.3962872421500279
20 120 -0.9496180625909308 -0.9496180625909308 -0.9496180625909308 -0.9496180625909308 0.22445921101409255 1.3962872421500279
21 126 -0.980151307977147 -0.980151307977147 -0.980151307977147 -0.980151307977147 0.14088538612238277 1.4071784918684433
22 132 -0.980151307977147 -0.980151307977147 -0.980151307977147 -0.980151307977147 0.14088538612238277 1.4071784918684433
23 138 -0.975361437573873 -0.975361437573873 -0.975361437573873 -0.975361437573873 0.1569667557992042 1.4054755200905753
24 144 -0.975361437573873 -0.975361437573873 -0.975361437573873 -0.975361437573873 0.1569667557992042 1.4054755200905753
25 150 -0.965469732434298 -0.965469732434298 -0.965469732434298 -0.965469732434298 0.18582321589538295 1.4019521148863459
26 156 -0.965469732434298 -0.965469732434298 -0.965469732434298 -0.965469732434298 0.18582321589538295 1.4019521148863459
27 162 -0.9662530810267048 -0.9662530810267048 -0.9662530810267048 -0.9662530810267048 0.18370334502478494 1.4022314648540393
28 168 -0.9662530810267048 -0.9662530810267048 -0.9662530810267048 -0.9662530810267048 0.18370334502478494 1.4022314648540393
29 174 -0.9500468501772859 -0.9500468501772859 -0.9500468501772859 -0.9500468501772859 0.22350201301714048 1.39644077933054
30 180 -0.9500468501772859 -0.9500468501772859 -0.9500468501772859 -0.9500468501772859 0.22350201301714048 1.39644077933054
31 186 -0.9228419043812663 -0.9228419043812663 -0.9228419043812663 -0.9228419043812663 0.2777734609690671 1.3866657507781992
32 192 -0.9228419043812663 -0.9228419043812663 -0.9228419043812663 -0.9228419043812663 0.2777734609690671 1.3866657507781992
33 198 -0.9194947890623908 -0.9194947890623908 -0.9194947890623908 -0.9194947890623908 0.2837344021045194 1.385458331766925
34 204 -0.9194947890623908 -0.9194947890623908 -0.9194947890623908 -0.9194947890623908 0.2837344021045194 1.385458331766925
35 210 -0.9153573529994313 -0.9153573529994313 -0.9153573529994313 -0.9153573529994313 0.2909340939122958 1.3839643611738819
36 216 -0.9153573529994313 -0.9153573529994313 -0.9153573529994313 -0.9153573529994313 0.2909340939122958 1.3839643611738819
37 222 -0.9595326294370006 -0.9595326294370006 -0.9595326294370006 -0.9595326294370006 0.20116503315188566 1.3998330719900143
38 228 -0.9595326294370006 -0.9595326294370006 -0.9595326294370006 -0.9595326294370006 0.20116503315188566 1.3998330719900143
39 234 -0.9586112141045746 -0.9586112141045746 -0.9586112141045746 -0.9586112141045746 0.2034423404688058 1.3995039171451342
40 240 -0.9586112141045746 -0.9586112141045746 -0.9586112141045746 -0.9586112141045746 0.2034423404688058 1.3995039171451342
41 246 -0.931584233927183 -0.931584233927183 -0.931584233927183 -0.931584233927183 0.2615640764187947 1.3898144602525846
42 252 -0.931584233927183 -0.931584233927183 -0.931584233927183 -0.931584233927183 0.2615640764187947 1.3898144602525846
43 258 -0.8392580564613904 -0.8392580564613904 -0.8392580564613904 -0.8392580564613904 0.40092635675222166 1.3561924850335185
44 264 -0.8392580564613904 -0.8392580564613904 -0.8392580564613904 -0.8392580564613904 0.40092635675222166 1.3561924850335185
45 270 -0.8335372460362791 -0.8335372460362791 -0.8335372460362791 -0.8335372460362791 0.40799847299189845 1.3540816984348762
46 276 -0.8335372460362791 -0.8335372460362791 -0.8335372460362791 -0.8335372460362791 0.40799847299189845 1.3540816984348762
47 282 -0.6179159977939942 -0.6179159977939942 -0.6179159977939942 -0.6179159977939942 0.6181294380677933 1.2719732692922419
48 288 -0.6179159977939942 -0.6179159977939942 -0.6179159977939942 -0.6179159977939942 0.6181294380677933 1.2719732692922419
49 294 -0.5833903408411432 -0.5833903408411432 -0.5833903408411432 -0.5833903408411432 0.6454530650317317 1.258328391494503
50 300 -0.5833903408411432 -0.5833903408411432 -0.5833903408411432 -0.5833903408411432 0.6454530650317317 1.258328391494503
51 306 -0.6707211305278447 -0.6707211305278447 -0.6707211305278447 -0.6707211305278447 0.5738282578194939 1.292563781996016
52 312 -0.6707211305278447 -0.6707211305278447 -0.6707211305278447 -0.6707211305278447 0.5738282578194939 1.292563781996016
53 318 -0.4860219733558597 -0.4860219733558597 -0.4860219733558597 -0.4860219733558597 0.716922608545818 1.2190250093233772
54 324 -0.4860219733558597 -0.4860219733558597 -0.4860219733558597 -0.4860219733558597 0.716922608545818 1.2190250093233772
55 330 -0.5349187392805399 -0.5349187392805399 -0.5349187392805399 -0.5349187392805399 0.6819686654967808 1.238918374744898
56 336 -0.5349187392805399 -0.5349187392805399 -0.5349187392805399 -0.5349187392805399 0.6819686654967808 1.238918374744898
57 342 -0.48993115988520264 -0.48993115988520264 -0.48993115988520264 -0.48993115988520264 0.7141910389488217 1.2206273632379387
58 348 -0.48993115988520264 -0.48993115988520264 -0.48993115988520264 -0.48993115988520264 0.7141910389488217 1.2206273632379387
59 354 -0.4208341347150319 -0.4208341347150319 -0.4208341347150319 -0.4208341347150319 0.7610294772773049 1.1919874725495363
60 360 -0.4208341347150319 -0.4208341347150319 -0.4208341347150319 -0.4208341347150319 0.7610294772773049 1.1919874725495363
61 366 -0.06454453506517592 -0.06454453506517592 -0.06454453506517592 -0.06454453506517592 0.9671894669271497 1.0317676749468243
62 372 -0.06454453506517592 -0.06454453506517592 -0.06454453506517592 -0.06454453506517592 0.9671894669271497 1.0317676749468243
63 378 0.2519029590233479 0.2519029590233479 0.2519029590233479 0.2519029590233479 0.8649260320840458 1.1188846942484054
64 384 0.2519029590233479 0.2519029590233479 0.2519029590233479 0.2519029590233479 0.8649260320840458 1.1188846942484054
65 390 0.35058984815853467 0.35058984815853467 0.35058984815853467 0.35058984815853467 0.8058598835042389 1.16214880637487
66 396 0.35058984815853467 0.35058984815853467 0.35058984815853467 0.35058984815853467 0.8058598835042389 1.16214880637487
67 402 0.4941551087469947 0.4941551087469947 0.4941551087469947 0.4941551087469947 0.7112277351545041 1.2223563755087936
68 408 0.4941551087469947 0.4941551087469947 0.4941551087469947 0.4941551087469947 0.7112277351545041 1.2223563755087936
69 414 0.21857799308443127 0.21857799308443127 0.21857799308443127 0.21857799308443127 0.8839807729331949 1.1038922017499857
70 420 0.21857799308443127 0.21857799308443127 0.21857799308443127 0.21857799308443127 0.8839807729331949 1.1038922017499857
71 426 0.11832957379432675 0.11832957379432675 0.11832957379432675 0.11832957379432675 0.9389730700108886 1.0575110277412367
72 432 0.11832957379432675 0.11832957379432675 0.11832957379432675 0.11832957379432675 0.9389730700108886 1.0575110277412367
73 438 0.1051057122298603 0.1051057122298603 0.1051057122298603 0.1051057122298603 0.9459885241217991 1.0512400830589843
74 444 0.1051057122298603 0.1051057122298603 0.1051057122298603 0.1051057122298603 0.9459885241217991 1.0512400830589843
75 450 -0.09760926854251425 -0.09760926854251425 -0.09760926854251425 -0.09760926854251425 0.9499424884999543 1.0476684917198351
76 456 -0.09760926854251425 -0.09760926854251425 -0.09760926854251425 -0.09760926854251425 0.9499424884999543 1.0476684917198351
77 462 -0.09181803174507201 -0.09181803174507201 -0.09181803174507201 -0.09181803174507201 0.9529858174468958 1.0449009674342693
78 468 -0.09181803174507201 -0.09181803174507201 -0.09181803174507201 -0.09181803174507201 0.9529858174468958 1.0449009674342693
79 474 -0.05944677769987909 -0.05944677769987909 -0.05944677769987909 -0.05944677769987909 0.96982123213514 1.0292943105350767
80 480 -0.05944677769987909 -0.05944677769987909 -0.05944677769987909 -0.05944677769987909 0.96982123213514 1.0292943105350767
81 486 -0.2722218655979426 -0.2722218655979426 -0.2722218655979426 -0.2722218655979426 0.8530991351549112 1.1279281296243757
82 492 -0.2722218655979426 -0.2722218655979426 -0.2722218655979426 -0.2722218655979426 0.8530991351549112 1.1279281296243757
83 498 -0.3195522383426402 -0.3195522383426402 -0.3195522383426402 -0.3195522383426402 0.8248925758287318 1.148717649530397
84 504 -0.3195522383426402 -0.3195522383426402 -0.3195522383426402 -0.3195522383426402 0.8248925758287318 1.148717649530397
85 510 -0.25570973282049886 -0.25570973282049886 -0.25570973282049886 -0.25570973282049886 0.8627225899323031 1.1205845496081492
86 516 -0.25570973282049886 -0.25570973282049886 -0.25570973282049886 -0.25570973282049886 0.8627225899323031 1.1205845496081492
87 522 -0.14531650024241627 -0.14531650024241627 -0.14531650024241627 -0.14531650024241627 0.9244909408737242 1.0701946085840728
88 528 -0.14531650024241627 -0.14531650024241627 -0.14531650024241627 -0.14531650024241627 0.9244909408737242 1.0701946085840728
89 534 -0.12291535261880361 -0.12291535261880361 -0.12291535261880361 -0.12291535261880361 0.9365279746922652 1.0596770039114767
90 540 -0.12291535261880361 -0.12291535261880361 -0.12291535261880361 -0.12291535261880361 0.9365279746922652 1.0596770039114767
91 546 -0.36466810124063864 -0.36466810124063864 -0.36466810124063864 -0.36466810124063864 0.7970770971238361 1.1681900963630185
92 552 -0.36466810124063864 -0.36466810124063864 -0.36466810124063864 -0.36466810124063864 0.7970770971238361 1.1681900963630185
93 558 -0.3630908898976235 -0.3630908898976235 -0.3630908898976235 -0.3630908898976235 0.7980658557427304 1.1675148349796776
94 564 -0.3630908898976235 -0.3630908898976235 -0.3630908898976235 -0.3630908898976235 0.7980658557427304 1.1675148349796776
95 570 -0.18620599985589983 -0.18620599985589983 -0.18620599985589983 -0.18620599985589983 0.9021053154394446 1.0891308460675877
96 576 -0.18620599985589983 -0.18620599985589983 -0.18620599985589983 -0.18620599985589983 0.9021053154394446 1.0891308460675877
97 582 0.01152789670722794 0.01152789670722794 0.01152789670722794 0.01152789670722794 0.994219343652482 1.0057474318670805
98 588 0.01152789670722794 0.01152789670722794 0.01152789670722794 0.01152789670722794 0.994219343652482 1.0057474318670805
99 594 0.01742786430506106 0.01742786430506106 0.01742786430506106 0.01742786430506106 0.9912477670567228 1.0086762931213666
100 600 0.01742786430506106 0.01742786430506106 0.01742786430506106 0.01742786430506106 0.9912477670567228 1.0086762931213666
101 606 0.2948909073059744 0.2948909073059744 0.2948909073059744 0.2948909073059744 0.8397077424282959 1.1379327340866745
102 612 0.2948909073059744 0.2948909073059744 0.2948909073059744 0.2948909073059744 0.8397077424282959 1.1379327340866745
102 612 0.2948909073059744 0.2948909073059744 0.2948909073059744 0.2948909073059744 0.8397077424282959 1.1379327340866745
