% # columns="iteration, evaluation, min max(neg(.)) min(pos(.)) max correlation, correlation matrix principal axes lengths  (sorted square roots of eigenvalues of correlation matrix)", seed=487951, Fri Jul 25 03:29:16 2025
1 6 0.2957910643586324 0.2957910643586324 0.2957910643586324 0.2957910643586324 0.8391715769980341 1.1383281883352587
2 12 0.2694171187870291 0.2694171187870291 0.2694171187870291 0.2694171187870291 0.8391715769980341 1.1383281883352587
3 18 0.4174943366244155 0.4174943366244155 0.4174943366244155 0.4174943366244155 0.7632205863153748 1.1905857115825031
4 24 0.5056207834253674 0.5056207834253674 0.5056207834253674 0.5056207834253674 0.7632205863153748 1.1905857115825031
5 30 0.5613245634399298 0.5613245634399298 0.5613245634399298 0.5613245634399298 0.6623257782693273 1.249529736917025
6 36 0.6587607155859202 0.6587607155859202 0.6587607155859202 0.6587607155859202 0.6623257782693273 1.249529736917025
7 42 0.6453227243884488 0.6453227243884488 0.6453227243884488 0.6453227243884488 0.5955478785215772 1.282701338733397
8 48 0.6737597167434225 0.6737597167434225 0.6737597167434225 0.6737597167434225 0.5955478785215772 1.282701338733397
9 54 0.6509118523407873 0.6509118523407873 0.6509118523407873 0.6509118523407873 0.5908368198235556 1.2848781468842823
10 60 0.7805319596821606 0.7805319596821606 0.7805319596821606 0.7805319596821606 0.5908368198235556 1.2848781468842823
11 66 0.8802674873640338 0.8802674873640338 0.8802674873640338 0.8802674873640338 0.346023861367921 1.3712284592160542
12 72 0.9068703369864896 0.9068703369864896 0.9068703369864896 0.9068703369864896 0.346023861367921 1.3712284592160542
13 78 0.8982533620303855 0.8982533620303855 0.8982533620303855 0.8982533620303855 0.31897748818625826 1.3777711573517517
14 84 0.9338045015706447 0.9338045015706447 0.9338045015706447 0.9338045015706447 0.31897748818625826 1.3777711573517517
15 90 0.9715001956417499 0.9715001956417499 0.9715001956417499 0.9715001956417499 0.16881885071949163 1.4041012056264854
16 96 0.9565517561505639 0.9565517561505639 0.9565517561505639 0.9565517561505639 0.16881885071949163 1.4041012056264854
17 102 0.9592000676439301 0.9592000676439301 0.9592000676439301 0.9592000676439301 0.2019899313234944 1.3997142807172933
18 108 0.9838545344797093 0.9838545344797093 0.9838545344797093 0.9838545344797093 0.2019899313234944 1.3997142807172933
19 114 0.983007291678198 0.983007291678198 0.983007291678198 0.983007291678198 0.13035608279555677 1.4081929170671887
20 120 0.9791015030079232 0.9791015030079232 0.9791015030079232 0.9791015030079232 0.13035608279555677 1.4081929170671887
21 126 0.9816385380852036 0.9816385380852036 0.9816385380852036 0.9816385380852036 0.13550447193652518 1.4077068366976142
22 132 0.9769885496330554 0.9769885496330554 0.9769885496330554 0.9769885496330554 0.13550447193652518 1.4077068366976142
23 138 0.9795916750712254 0.9795916750712254 0.9795916750712254 0.9795916750712254 0.14285770867816178 1.4069796285203369
24 144 0.9718027923130821 0.9718027923130821 0.9718027923130821 0.9718027923130821 0.14285770867816178 1.4069796285203369
25 150 0.9621390422520402 0.9621390422520402 0.9621390422520402 0.9621390422520402 0.19457892421318343 1.4007637353429878
26 156 0.977098749093747 0.977098749093747 0.977098749093747 0.977098749093747 0.19457892421318343 1.4007637353429878
27 162 0.9788802494940748 0.9788802494940748 0.9788802494940748 0.9788802494940748 0.14532635860684512 1.4067267856602699
28 168 0.9797838533215983 0.9797838533215983 0.9797838533215983 0.9797838533215983 0.14532635860684512 1.4067267856602699
29 174 0.980198865204262 0.980198865204262 0.980198865204262 0.980198865204262 0.14071650505799901 1.4071953898461513
30 180 0.9772713995190186 0.9772713995190186 0.9772713995190186 0.9772713995190186 0.14071650505799901 1.4071953898461513
31 186 0.9505767240585966 0.9505767240585966 0.9505767240585966 0.9505767240585966 0.2223134632481879 1.3966304894490154
32 192 0.9389074537075006 0.9389074537075006 0.9389074537075006 0.9389074537075006 0.2223134632481879 1.3966304894490154
33 198 0.9374634535666719 0.9374634535666719 0.9374634535666719 0.9374634535666719 0.25007308218464513 1.3919279627792065
34 204 0.9439813981306017 0.9439813981306017 0.9439813981306017 0.9439813981306017 0.25007308218464513 1.3919279627792065
35 210 0.892384821546019 0.892384821546019 0.892384821546019 0.892384821546019 0.328047524688087 1.3756397862616576
36 216 0.8324948409682725 0.8324948409682725 0.8324948409682725 0.8324948409682725 0.328047524688087 1.3756397862616576
37 222 0.5975232005308265 0.5975232005308265 0.5975232005308265 0.5975232005308265 0.634410592179208 1.2639316439312793
38 228 0.70590677650672 0.70590677650672 0.70590677650672 0.70590677650672 0.634410592179208 1.2639316439312793
39 234 0.6973507676883318 0.6973507676883318 0.6973507676883318 0.6973507676883318 0.550135649010013 1.3028241507157947
40 240 0.5939068641333469 0.5939068641333469 0.5939068641333469 0.5939068641333469 0.550135649010013 1.3028241507157947
41 246 0.5216640746819642 0.5216640746819642 0.5216640746819642 0.5216640746819642 0.6916183378988993 1.2335574873843391
42 252 0.6061188278640756 0.6061188278640756 0.6061188278640756 0.6061188278640756 0.6916183378988993 1.2335574873843391
43 258 0.43603916130770076 0.43603916130770076 0.43603916130770076 0.43603916130770076 0.7509732609702552 1.1983485141258785
44 264 0.605588544166675 0.605588544166675 0.605588544166675 0.605588544166675 0.7509732609702552 1.1983485141258785
45 270 0.3666675284806969 0.3666675284806969 0.3666675284806969 0.3666675284806969 0.795821884292775 1.1690455630473506
46 276 0.4645804997107567 0.4645804997107567 0.4645804997107567 0.4645804997107567 0.795821884292775 1.1690455630473506
47 282 0.43033383400719144 0.43033383400719144 0.43033383400719144 0.43033383400719144 0.7547623241741792 1.195965649175256
48 288 0.1931169970271708 0.1931169970271708 0.1931169970271708 0.1931169970271708 0.7547623241741792 1.195965649175256
49 294 0.0703342954224038 0.0703342954224038 0.0703342954224038 0.0703342954224038 0.9641917364184347 1.0345696184512687
50 300 -0.12902176180757566 -0.12902176180757566 -0.12902176180757566 -0.12902176180757566 0.9641917364184347 1.0345696184512687
51 306 -0.055099767452536585 -0.055099767452536585 -0.055099767452536585 -0.055099767452536585 0.9720597885662505 1.0271804940966007
52 312 0.1413743965916101 0.1413743965916101 0.1413743965916101 0.1413743965916101 0.9720597885662505 1.0271804940966007
53 318 0.03902618730152555 0.03902618730152555 0.03902618730152555 0.03902618730152555 0.9802927178646563 1.0193263399429673
54 324 -0.14314053031429522 -0.14314053031429522 -0.14314053031429522 -0.14314053031429522 0.9802927178646563 1.0193263399429673
55 330 -0.2238055318687997 -0.2238055318687997 -0.2238055318687997 -0.2238055318687997 0.8810189941943364 1.1062574437574644
56 336 -0.11586544428503198 -0.11586544428503198 -0.11586544428503198 -0.11586544428503198 0.8810189941943364 1.1062574437574644
57 342 -0.2007528867734631 -0.2007528867734631 -0.2007528867734631 -0.2007528867734631 0.8940062154294773 1.0957887053503805
58 348 -0.11874200486458823 -0.11874200486458823 -0.11874200486458823 -0.11874200486458823 0.8940062154294773 1.0957887053503805
59 354 -0.20999202682889856 -0.20999202682889856 -0.20999202682889856 -0.20999202682889856 0.8888239269794109 1.0999963758253473
60 360 -0.3246372684054086 -0.3246372684054086 -0.3246372684054086 -0.3246372684054086 0.8888239269794109 1.0999963758253473
61 366 -0.07797055659009149 -0.07797055659009149 -0.07797055659009149 -0.07797055659009149 0.9602236423927024 1.0382536089944938
62 372 -0.04940082683104965 -0.04940082683104965 -0.04940082683104965 -0.04940082683104965 0.9602236423927024 1.0382536089944938
63 378 -0.14085719780106915 -0.14085719780106915 -0.14085719780106915 -0.14085719780106915 0.9268995642457336 1.0681091694209301
64 384 -0.278358898985112 -0.278358898985112 -0.278358898985112 -0.278358898985112 0.9268995642457336 1.0681091694209301
65 390 -0.34033447066239136 -0.34033447066239136 -0.34033447066239136 -0.34033447066239136 0.8121979619142176 1.1577281505873438
66 396 -0.21771406966359746 -0.21771406966359746 -0.21771406966359746 -0.21771406966359746 0.8121979619142176 1.1577281505873438
67 402 -0.06711962715403787 -0.06711962715403787 -0.06711962715403787 -0.06711962715403787 0.965857325305328 1.03301482426635
68 408 -0.18120101438768402 -0.18120101438768402 -0.18120101438768402 -0.18120101438768402 0.965857325305328 1.03301482426635
69 414 0.029617544258874383 0.029617544258874383 0.029617544258874383 0.029617544258874383 0.9850799235296219 1.0147007165952306
70 420 0.12364195689460862 0.12364195689460862 0.12364195689460862 0.12364195689460862 0.9850799235296219 1.0147007165952306
71 426 0.06194826729410983 0.06194826729410983 0.06194826729410983 0.06194826729410983 0.9685307081894152 1.0305087419784995
72 432 0.022245969197064286 0.022245969197064286 0.022245969197064286 0.022245969197064286 0.9685307081894152 1.0305087419784995
73 438 0.08294697918164048 0.08294697918164048 0.08294697918164048 0.08294697918164048 0.9576288533760664 1.0406473846513238
74 444 -0.08309119455949573 -0.08309119455949573 -0.08309119455949573 -0.08309119455949573 0.9576288533760664 1.0406473846513238
75 450 0.04251016628547412 0.04251016628547412 0.04251016628547412 0.04251016628547412 0.9785140947960463 1.0210338712723854
76 456 0.1485514580594875 0.1485514580594875 0.1485514580594875 0.1485514580594875 0.9785140947960463 1.0210338712723854
77 462 -0.09801332472225265 -0.09801332472225265 -0.09801332472225265 -0.09801332472225265 0.949729790665612 1.0478613098698952
78 468 -0.0786664312410203 -0.0786664312410203 -0.0786664312410203 -0.0786664312410203 0.949729790665612 1.0478613098698952
79 474 -0.09516565942171196 -0.09516565942171196 -0.09516565942171196 -0.09516565942171196 0.9512278068781884 1.0465016289627609
80 480 -0.19193171755866562 -0.19193171755866562 -0.19193171755866562 -0.19193171755866562 0.9512278068781884 1.0465016289627609
81 486 -0.14936232094146099 -0.14936232094146099 -0.14936232094146099 -0.14936232094146099 0.9223002109175401 1.0720831688546655
82 492 -0.06076607967711052 -0.06076607967711052 -0.06076607967711052 -0.06076607967711052 0.9223002109175401 1.0720831688546655
83 498 -0.24411942360637207 -0.24411942360637207 -0.24411942360637207 -0.24411942360637207 0.8694139269609314 1.1154010147056403
84 504 -0.007109815204878906 -0.007109815204878906 -0.007109815204878906 -0.007109815204878906 0.8694139269609314 1.1154010147056403
85 510 -0.1477048133256281 -0.1477048133256281 -0.1477048133256281 -0.1477048133256281 0.9231983463342922 1.0713098586896455
86 516 0.10136474309917047 0.10136474309917047 0.10136474309917047 0.10136474309917047 0.9231983463342922 1.0713098586896455
87 522 -0.03513205365735639 -0.03513205365735639 -0.03513205365735639 -0.03513205365735639 0.982276919377954 1.0174143962306392
88 528 0.07508440378246087 0.07508440378246087 0.07508440378246087 0.07508440378246087 0.982276919377954 1.0174143962306392
89 534 -0.022203003743506023 -0.022203003743506023 -0.022203003743506023 -0.022203003743506023 0.9888361827201179 1.011040554945006
90 540 -0.22983679132977444 -0.22983679132977444 -0.22983679132977444 -0.22983679132977444 0.9888361827201179 1.011040554945006
91 546 -0.2714356669156144 -0.2714356669156144 -0.2714356669156144 -0.2714356669156144 0.8535598005320926 1.1275795612353101
92 552 -0.08712891885632715 -0.08712891885632715 -0.08712891885632715 -0.08712891885632715 0.8535598005320926 1.1275795612353101
93 558 0.0974067079040677 0.0974067079040677 0.0974067079040677 0.0974067079040677 0.9500490998342833 1.047571815153533
94 564 -0.03885619762035378 -0.03885619762035378 -0.03885619762035378 -0.03885619762035378 0.9500490998342833 1.047571815153533
95 570 0.15595158189957567 0.15595158189957567 0.15595158189957567 0.15595158189957567 0.9187210774225355 1.0751518878277504
96 576 0.18328379892426658 0.18328379892426658 0.18328379892426658 0.18328379892426658 0.9187210774225355 1.0751518878277504
97 582 0.07998385196412078 0.07998385196412078 0.07998385196412078 0.07998385196412078 0.9591747223712057 1.0392227152849003
98 588 0.1952539989428574 0.1952539989428574 0.1952539989428574 0.1952539989428574 0.9591747223712057 1.0392227152849003
98 588 0.1952539989428574 0.1952539989428574 0.1952539989428574 0.1952539989428574 0.9591747223712057 1.0392227152849003
