% # columns="iteration, evaluation, sigma, axis ratio, bestever, best, median, worst objective function value, interquartile range, further/more values", seed=388318, Wed Jul 23 13:35:30 2025, <python>{}</python>
1 6 1.3083167224263748 1.0000250003125026 2.2033112380187063 2.2033112380187063e+00 20.077612374551812 186.8973981170515 8.709594716521439   
2 12 1.3773487268169178 1.4824282945283735 0.646216119202258 6.4621611920225797e-01 27.965107579572432 62.16056216300359 27.27150937372943   
3 18 1.2160751955749467 1.369981333237314 0.646216119202258 2.9996529137587928e+00 38.630042293950105 52.440738961953194 45.08205654462631   
4 24 1.1082703419848277 1.7588093678043493 0.11348482759758491 1.1348482759758491e-01 8.91371004937627 34.10051451139042 15.198201812794103   
5 30 0.9791763906045521 1.7623016270821121 0.11348482759758491 3.3714395369435661e+00 16.367441456299815 30.733634839716622 12.281190975360236   
6 36 0.8292615512128267 1.4424356272725642 0.11348482759758491 1.0193000819165035e+00 24.152242708846778 39.02512981681513 25.731756215982365   
7 42 0.6362645762660442 1.4134193255457113 0.11348482759758491 1.9470544059441830e-01 5.253157586405807 18.571716271671853 15.224205151438252   
8 48 0.5922153864303208 1.35496822900708 0.11348482759758491 7.5836210383397751e-01 6.093909550676543 11.537908830120324 7.200293790021611   
9 54 0.4941382941467366 1.4021482340851437 0.11348482759758491 2.0266490320406455e-01 0.8843814055603072 15.862535634420567 5.207792717994513   
10 60 0.4787636315759519 1.6674917857945122 0.11348482759758491 3.7089615313808805e-01 2.2960157879701697 11.99857023442158 5.806890067041136   
11 66 0.42802305903992494 1.7564720034626569 0.11348482759758491 6.5244431294139493e-01 6.188574916231117 11.59731685624999 6.048751727968945   
12 72 0.4008488788373577 2.195579313476937 0.11348482759758491 1.9973036758049989e-01 0.5285542342114068 1.1507823941217223 0.4316821585028487   
13 78 0.30208565396974385 2.5328925096751265 0.11348482759758491 1.8432422386206160e-01 0.4971497279390663 1.0030448157722112 0.5924228282222036   
14 84 0.269593219024806 2.80660132375976 0.11348482759758491 1.8251207964177674e-01 0.31575769905945383 0.8566515699894954 0.37019947831703826   
15 90 0.2355506108811562 3.211385924185881 0.11348482759758491 1.9138315344442589e-01 0.29126404168394865 0.5427155433107276 0.12214382777107616   
16 96 0.21912063590219066 3.3331782960764564 0.11348482759758491 1.7115074389859486e-01 0.28474926115559096 0.49122830484090074 0.10711423567868664   
17 102 0.19959416096252658 3.4223509986026492 0.11348482759758491 1.6575918498367956e-01 0.2128355391700366 0.5732382297368477 0.14256140906263287   
18 108 0.22183668247772836 4.338253014348876 0.11348482759758491 1.4781543786474735e-01 0.22148580239551852 0.3233910327888756 0.0536941128714806   
19 114 0.3086704399648771 4.275053509896611 0.10876164973850706 1.0876164973850706e-01 0.16161324766586982 0.2274500706583953 0.026986815064217073   
20 120 0.41357569103754166 6.946456038689901 0.07398540408747008 7.3985404087470077e-02 0.2037311398855548 0.2514669643944629 0.1255644718736794   
21 126 0.42496265340361145 11.015591851510713 0.07398540408747008 8.5228829754226326e-02 0.1327151977471111 0.33621544556540106 0.129493326204147   
22 132 0.478835194743119 11.109767932896563 0.05967633705349625 5.9676337053496252e-02 0.13329047725187623 0.2523112857894491 0.10137322218560212   
23 138 0.44429134650085167 11.038815811146781 0.042366242197115024 4.2366242197115024e-02 0.07838484539934856 3.147266358386341 1.932497195516475   
24 144 0.33414308917348395 9.894393891331237 0.042366242197115024 5.5870858968716852e-02 0.2708359055342818 5.558750595854809 0.2874424874310714   
25 150 0.29912421699163094 10.859850240336208 0.042366242197115024 6.2279121231238653e-02 0.09374535369297995 0.8359440759750777 0.04824494983849095   
26 156 0.327717182699421 8.36997249835348 0.042366242197115024 4.3859514844462696e-02 0.06807115136544864 0.2054943402010282 0.05118808135334306   
27 162 0.2508957109211838 9.186350008355303 0.042366242197115024 5.9153067372633900e-02 0.15117884158522255 0.5545077482406829 0.14499674885866345   
28 168 0.24631064073723685 8.15739479055423 0.042366242197115024 4.4672986647463893e-02 0.07074895650098689 0.07548754826082262 0.02346284959356848   
29 174 0.2586219132728182 6.505184692816508 0.04152233091641998 4.1522330916419978e-02 0.05488866880072381 0.1614081194713551 0.01343410255124864   
30 180 0.22959439067386808 6.668799413078272 0.04152233091641998 4.2351214428676405e-02 0.05794925022505792 0.07534255307534796 0.02062834895815687   
31 186 0.2045823036323699 6.407580356825678 0.04152233091641998 4.1993831086820185e-02 0.056796908688664716 0.10052715318363473 0.011335718191977567   
32 192 0.1671180792284033 5.15661041594175 0.04152233091641998 4.1700116707213575e-02 0.04520938989125305 0.09273912934369356 0.008244053137327886   
33 198 0.15132658102126703 5.778092070169048 0.04152233091641998 4.3774132578900588e-02 0.054408684155308557 0.06998283191641491 0.01906794816189744   
34 204 0.11349275770740555 4.905863522211432 0.04152233091641998 4.2794581354954002e-02 0.046104347297711776 0.05593262178178274 0.005688125124950302   
35 210 0.10714472915971897 4.5621248216958366 0.04152233091641998 4.2710056542279266e-02 0.044649455750815484 0.0569820479155069 0.0020496205653093846   
36 216 0.1507520131233073 4.774266529074933 0.04152233091641998 4.2316786312160362e-02 0.04306395244430335 0.04722779154328454 0.0016617175553785557   
37 222 0.12741884618681226 6.846696960410629 0.04152233091641998 4.1535145212444557e-02 0.04339310481722171 0.05533146873934386 0.01052240599394156   
38 228 0.10027071893095331 6.960330458297331 0.04152233091641998 4.1808535621049935e-02 0.04309532925236833 0.05129883856170395 0.0034851722016474226   
39 234 0.11387546622211135 7.636515986819747 0.041138787657183 4.1138787657182999e-02 0.042116326268524004 0.04511110467962634 0.002055463186474274   
40 240 0.09188447102761119 6.898581963032155 0.041138787657183 4.1172598083436637e-02 0.04275203099365093 0.04522635198590704 0.0013409371833249528   
41 246 0.08998662202135757 6.887651851537471 0.04113513666186966 4.1135136661869659e-02 0.04153575867164427 0.04194492653347826 0.00047795379426195106   
42 252 0.11765446877984274 5.31680901215554 0.040734326215986584 4.0734326215986584e-02 0.04141833786995813 0.04203237492985254 0.0006116339665084985   
43 258 0.16164743067993695 5.176206235881788 0.040373931551070524 4.0373931551070524e-02 0.04183156514231792 0.04588417270740389 0.0010132988253845135   
44 264 0.13168002906068785 3.4904265240680155 0.040373931551070524 4.0562234748411308e-02 0.04150901820838607 0.04365863895028628 0.002348489874656988   
45 270 0.1232598052661363 3.5520902525277744 0.040373931551070524 4.0438768385564108e-02 0.04169474402419332 0.04286966147979446 0.0014758144023344563   
46 276 0.1172999456869918 3.6526712401284813 0.040373931551070524 4.0414676448377804e-02 0.04092716974132658 0.043493718653956175 0.0009986207834452449   
47 282 0.17007459523960797 3.8660965823427063 0.04015597897720562 4.0155978977205617e-02 0.04089621529620434 0.04113761415667298 0.0005424690501766166   
48 288 0.1669413816477055 2.6594960060730912 0.040047356422953866 4.0047356422953866e-02 0.04054600185946453 0.04087418969640566 0.0004279250749185323   
49 294 0.14778472781531496 3.0639062645392596 0.040047356422953866 4.0096517166394736e-02 0.040588416908362505 0.0408677946197263 0.0004989077654669119   
50 300 0.1266563129301984 3.134616867900249 0.040047356422953866 4.0079992520104413e-02 0.040840617885338215 0.041758724224882006 0.0007343275552127299   
51 306 0.12114827993137266 3.353322621841005 0.040047356422953866 4.0093085897249789e-02 0.04028364852315224 0.04055299322194686 0.0001890782840570926   
52 312 0.12158538391817088 3.7459699155212896 0.04003128848629804 4.0031288486298042e-02 0.040147176140035296 0.04044757255948021 0.00018094998391756517   
53 318 0.11795816868650309 3.7449476595617432 0.04001256001741509 4.0012560017415093e-02 0.040242534100172506 0.0404372101679513 0.00038639709108942433   
54 324 0.09946669360253306 4.510233382196768 0.040009587296141645 4.0009587296141645e-02 0.04006803239791776 0.04012065239558713 5.7238075582506653e-05   
55 330 0.09585459237241564 5.44884375653915 0.04000880038479176 4.0008800384791758e-02 0.04001784416786417 0.040107354992870096 4.774007313201878e-05   
56 336 0.0774071268831432 5.827456363274905 0.04000080651778773 4.0000806517787729e-02 0.04001470311774218 0.04005776936304006 2.2213768261898637e-05   
57 342 0.06916025239373925 6.010839673051207 0.04000080651778773 4.0005326650436351e-02 0.04002591027444592 0.040054604389204364 4.675653460162882e-05   
58 348 0.056008309016376025 5.5892039000007125 0.040000252613120416 4.0000252613120416e-02 0.040017994961167654 0.04006548873019093 4.9508236516407345e-05   
59 354 0.04480439785750225 5.263852185927931 0.04000019479302573 4.0000194793025731e-02 0.04001049909311517 0.04001191669476258 1.0148424188456684e-05   
60 360 0.03535236456209531 5.7549185705511725 0.04000017880130598 4.0000178801305977e-02 0.04000747638871836 0.04002086155494324 6.3603683367954855e-06   
61 366 0.025709230872045276 5.465613095650556 0.04000017880130598 4.0000265700102768e-02 0.04000235429454537 0.04000717588333792 2.0371357468546014e-06   
62 372 0.02040052228057542 5.441437166216408 0.04000017880130598 4.0000240510464614e-02 0.04000093391186192 0.04000235267690806 5.960972500676509e-07   
63 378 0.023019902776478515 4.7083522516454295 0.040000025840130654 4.0000025840130654e-02 0.040000770234558905 0.040001567111655235 1.0526490060447369e-06   
64 384 0.019540019760363653 4.941641181642344 0.040000025840130654 4.0000199221466824e-02 0.04000044620750063 0.04000211352134596 1.0344432129633097e-07   
65 390 0.01656571886765845 4.888894722557464 0.040000025840130654 4.0000081220899916e-02 0.04000044240802575 0.040000883775608356 5.380797098719636e-07   
66 396 0.01759746542060978 5.10702838537696 0.040000025840130654 4.0000110924010436e-02 0.04000051155577856 0.04000061661258489 4.0119040867203637e-07   
67 402 0.012707876177972791 5.100804070028278 0.040000025317697446 4.0000025317697446e-02 0.04000016716588851 0.0400004451863518 1.553898051967484e-07   
68 408 0.010829977157304911 5.450827588106898 0.04000000998438287 4.0000009984382870e-02 0.040000133996022154 0.04000022164872356 1.0635652429591413e-07   
69 414 0.011675708471307994 5.137777685970919 0.04000000251885576 4.0000002518855757e-02 0.040000008066201055 0.04000007495164188 4.245931061602759e-08   
70 420 0.009693608964776307 6.109401008539734 0.04000000251885576 4.0000011693693160e-02 0.04000003013611344 0.04000017170194326 3.4883093621984607e-08   
71 426 0.007957171264937082 5.254858810425806 0.04000000251885576 4.0000004051297736e-02 0.040000023797670634 0.04000017674811226 1.489130157655838e-07   
72 432 0.006653464413411007 4.8045024741132645 0.04000000251885576 4.0000003080097143e-02 0.0400000171238795 0.04000003860023831 2.730947325918498e-08   
73 438 0.00511303052889738 4.313013417481927 0.04000000251885576 4.0000004057081449e-02 0.0400000137781116 0.04000001915568621 5.761481458588236e-09   
74 444 0.0038550359790043096 4.188799413168679 0.04000000102213572 4.0000001022135717e-02 0.040000002252461704 0.040000005848764154 3.304635613765594e-09   
75 450 0.003475292395366131 3.7986189233474166 0.04000000039530535 4.0000000395305352e-02 0.04000000187778997 0.040000005334828545 2.013251641785896e-09   
76 456 0.0026205290243829812 2.8302642321560523 0.04000000016103853 4.0000000161038531e-02 0.04000000139918923 0.04000000311041776 1.3720794847515982e-09   
77 462 0.002028869736504333 3.09796912320218 0.04000000000305354 4.0000000003053537e-02 0.04000000034227277 0.04000000452470332 5.55577361893711e-10   
78 468 0.002152378931517754 3.6318205664493495 0.04000000000305354 4.0000000074408848e-02 0.04000000037269959 0.040000000668905994 2.8188418960128914e-10   
79 474 0.0019003569945170123 4.47332445808351 0.04000000000305354 4.0000000208745230e-02 0.040000000287600215 0.04000000098084549 5.790760995716404e-10   
80 480 0.0017374282988743784 5.498574696727293 0.04000000000305354 4.0000000023770875e-02 0.04000000035541352 0.04000000078098156 1.966165633082717e-10   
81 486 0.0014402760099379703 6.19458439258798 0.04000000000305354 4.0000000017796217e-02 0.040000000153608696 0.0400000002365932 1.760486409430051e-10   
82 492 0.0013276640074541906 6.640300554278507 0.04000000000305354 4.0000000023283577e-02 0.040000000116912134 0.04000000017337492 6.884399300632893e-11   
83 498 0.0010394648751913427 8.11816587230587 0.040000000002281114 4.0000000002281114e-02 0.04000000012972754 0.040000000329851376 1.2989721798195575e-10   
84 504 0.000993050007818765 7.937023765506396 0.040000000000091095 4.0000000000091095e-02 0.04000000004959794 0.04000000005265073 3.912375284853553e-11   
85 510 0.0008202862836308814 7.995409900328776 0.040000000000091095 4.0000000003534916e-02 0.04000000001933781 0.04000000007439629 3.141910343007481e-11   
86 516 0.0006236682244938748 7.741881835448052 0.040000000000091095 4.0000000000712445e-02 0.04000000000219546 0.04000000002365387 1.9127734118828954e-11   
87 522 0.0006643844834350326 7.881736596964187 0.040000000000091095 4.0000000000101676e-02 0.04000000001158987 0.040000000019183884 1.2053601172734574e-11   
88 528 0.000515123623657589 7.193919198217989 0.040000000000091095 4.0000000002235123e-02 0.0400000000078786 0.04000000001904331 6.582005773747568e-12   
89 534 0.0004268165412980079 8.20798251751201 0.040000000000091095 4.0000000000214857e-02 0.04000000000739384 0.04000000001747685 7.858720618703074e-12   
90 540 0.00034909972574501775 7.338391832862919 0.040000000000091095 4.0000000000134019e-02 0.040000000000747486 0.04000000000381833 1.4672846271324147e-12   
91 546 0.00030801808753365563 8.395916478408422 0.040000000000091095 4.0000000000187420e-02 0.04000000000114039 0.04000000000224285 1.3405387910836453e-12   
92 552 0.00023239370799982208 6.75350934054217 0.040000000000000105 4.0000000000000105e-02 0.040000000000639205 0.040000000001130555 1.0501668978868395e-12   
93 558 0.00019845658870038113 7.719872723924955 0.040000000000000105 4.0000000000004532e-02 0.04000000000037832 0.04000000000057708 2.594799375366108e-13   
94 564 0.00014409013811818622 6.046577578509998 0.040000000000000105 4.0000000000001090e-02 0.04000000000013768 0.0400000000002673 1.1584483372573118e-13   
95 570 0.00011899622021724156 6.65719407655309 0.040000000000000105 4.0000000000001236e-02 0.04000000000015458 0.04000000000018256 1.6955187254197313e-13   
96 576 9.317015471393416e-05 5.208360852038546 0.040000000000000105 4.0000000000000674e-02 0.04000000000002931 0.04000000000004622 2.1045665210550624e-14   
97 582 7.301833484228449e-05 4.682874791942339 0.040000000000000105 4.0000000000001590e-02 0.04000000000000992 0.04000000000006105 5.007799730449847e-14   
98 588 6.521174899159891e-05 5.367842789576625 0.040000000000000105 4.0000000000001500e-02 0.040000000000006565 0.04000000000002149 1.156713613781335e-14   
99 594 4.92571193103188e-05 5.168102047045345 0.040000000000000105 4.0000000000000403e-02 0.04000000000000168 0.04000000000000328 2.095545958979983e-15   
100 600 4.033804564906511e-05 4.923713186614859 0.040000000000000105 4.0000000000000209e-02 0.040000000000001236 0.04000000000000574 1.3183898417423734e-15   
101 606 3.515478460437052e-05 4.966369300024375 0.04000000000000009 4.0000000000000091e-02 0.04000000000000036 0.04000000000000274 6.245004513516506e-16   
102 612 2.8112383052716575e-05 4.533802078636137 0.04000000000000009 4.0000000000000271e-02 0.04000000000000045 0.040000000000000605 2.0122792321330962e-16   
