% # columns="iteration, evaluation, sigma, beta, void,  sigvec==sigma_vec.scaling factors from diagonal decoding", seed=492875, Thu Jul 24 10:36:59 2025, <python>{}</python>
1 6 0.7818946318767035 1 0 0.6 0.5999850001874985
2 12 0.8303601269032556 1 0 0.6 0.5999850001874985
3 18 0.6985205506622403 1 0 0.6 0.5999850001874985
4 24 0.5524150647069811 1 0 0.6 0.5999850001874985
5 30 0.39565068030715583 1 0 0.6 0.5999850001874985
6 36 0.3147244380493667 1 0 0.6 0.5999850001874985
7 42 0.34714410438699944 1 0 0.6 0.5999850001874985
8 48 0.256571447101033 1 0 0.6 0.5999850001874985
9 54 0.21939220005166665 1 0 0.6 0.5999850001874985
10 60 0.18491264578945762 1 0 0.6 0.5999850001874985
11 66 0.2184916225387659 1 0 0.6 0.5999850001874985
12 72 0.29730211163006365 1 0 0.6 0.5999850001874985
13 78 0.3740591490156982 1 0 0.6 0.5999850001874985
14 84 0.6973255334389012 1 0 0.6 0.5999850001874985
15 90 0.7694115761668263 1 0 0.6 0.5999850001874985
16 96 0.7562456842683064 1 0 0.6 0.5999850001874985
17 102 0.590528785273202 1 0 0.6 0.5999850001874985
18 108 0.5461541113961736 1 0 0.6 0.5999850001874985
19 114 0.5872233295049436 1 0 0.6 0.5999850001874985
20 120 0.4836688274761584 1 0 0.6 0.5999850001874985
21 126 0.3911624357726584 1 0 0.6 0.5999850001874985
22 132 0.29435946686536746 1 0 0.6 0.5999850001874985
23 138 0.20843826674297725 1 0 0.6 0.5999850001874985
24 144 0.20462814029613136 1 0 0.6 0.5999850001874985
25 150 0.19336243068344863 1 0 0.6 0.5999850001874985
26 156 0.1563236015772291 1 0 0.6 0.5999850001874985
27 162 0.12930316138352352 1 0 0.6 0.5999850001874985
28 168 0.12692734626812135 1 0 0.6 0.5999850001874985
29 174 0.12253529520305523 1 0 0.6 0.5999850001874985
30 180 0.0952618219720096 1 0 0.6 0.5999850001874985
31 186 0.08911973300299408 1 0 0.6 0.5999850001874985
32 192 0.08134697131934321 1 0 0.6 0.5999850001874985
33 198 0.08682623326003469 1 0 0.6 0.5999850001874985
34 204 0.07543429211878615 1 0 0.6 0.5999850001874985
35 210 0.08537779387637796 1 0 0.6 0.5999850001874985
36 216 0.09677940943458922 1 0 0.6 0.5999850001874985
37 222 0.10703479591677086 1 0 0.6 0.5999850001874985
38 228 0.08930772627926761 1 0 0.6 0.5999850001874985
39 234 0.08715307866119762 1 0 0.6 0.5999850001874985
40 240 0.10242818064706481 1 0 0.6 0.5999850001874985
41 246 0.08424587553345149 1 0 0.6 0.5999850001874985
42 252 0.11586259430561271 1 0 0.6 0.5999850001874985
43 258 0.15026039906833577 1 0 0.6 0.5999850001874985
44 264 0.17791719657293664 1 0 0.6 0.5999850001874985
45 270 0.18911440649939795 1 0 0.6 0.5999850001874985
46 276 0.18614406910528655 1 0 0.6 0.5999850001874985
47 282 0.14980031303541502 1 0 0.6 0.5999850001874985
48 288 0.14315424462698845 1 0 0.6 0.5999850001874985
49 294 0.13543004352241464 1 0 0.6 0.5999850001874985
50 300 0.16189691567820544 1 0 0.6 0.5999850001874985
51 306 0.1529548795476833 1 0 0.6 0.5999850001874985
52 312 0.179227548279127 1 0 0.6 0.5999850001874985
53 318 0.1643402898486122 1 0 0.6 0.5999850001874985
54 324 0.17098037508547212 1 0 0.6 0.5999850001874985
55 330 0.15767815107003452 1 0 0.6 0.5999850001874985
56 336 0.12136541610911279 1 0 0.6 0.5999850001874985
57 342 0.11383299341544642 1 0 0.6 0.5999850001874985
58 348 0.1145889412676235 1 0 0.6 0.5999850001874985
59 354 0.08644795460466982 1 0 0.6 0.5999850001874985
60 360 0.06886854303241381 1 0 0.6 0.5999850001874985
61 366 0.05668697678790795 1 0 0.6 0.5999850001874985
62 372 0.04572669752813139 1 0 0.6 0.5999850001874985
63 378 0.03612053934530964 1 0 0.6 0.5999850001874985
64 384 0.045822926702408645 1 0 0.6 0.5999850001874985
65 390 0.0356504675928782 1 0 0.6 0.5999850001874985
66 396 0.027650697335123584 1 0 0.6 0.5999850001874985
67 402 0.020926101414075592 1 0 0.6 0.5999850001874985
68 408 0.01498066647015674 1 0 0.6 0.5999850001874985
69 414 0.015394164730099195 1 0 0.6 0.5999850001874985
70 420 0.013187638440444058 1 0 0.6 0.5999850001874985
71 426 0.013266120110348384 1 0 0.6 0.5999850001874985
72 432 0.010452097143500445 1 0 0.6 0.5999850001874985
73 438 0.009851809970858771 1 0 0.6 0.5999850001874985
74 444 0.010140941883768963 1 0 0.6 0.5999850001874985
75 450 0.007910153956492761 1 0 0.6 0.5999850001874985
76 456 0.006774611942002807 1 0 0.6 0.5999850001874985
77 462 0.005047469802479607 1 0 0.6 0.5999850001874985
78 468 0.004443987380762686 1 0 0.6 0.5999850001874985
79 474 0.003808124543300518 1 0 0.6 0.5999850001874985
80 480 0.0033701944519264433 1 0 0.6 0.5999850001874985
81 486 0.0036589618329708634 1 0 0.6 0.5999850001874985
82 492 0.00399541112591478 1 0 0.6 0.5999850001874985
83 498 0.003488110626832863 1 0 0.6 0.5999850001874985
84 504 0.002994423064625876 1 0 0.6 0.5999850001874985
85 510 0.002601667833846878 1 0 0.6 0.5999850001874985
86 516 0.0023298089644456597 1 0 0.6 0.5999850001874985
87 522 0.001758597876286682 1 0 0.6 0.5999850001874985
88 528 0.001341582357387993 1 0 0.6 0.5999850001874985
89 534 0.0012271515941614463 1 0 0.6 0.5999850001874985
90 540 0.0010314168291216444 1 0 0.6 0.5999850001874985
91 546 0.0007904038976752105 1 0 0.6 0.5999850001874985
92 552 0.0006066289116744097 1 0 0.6 0.5999850001874985
93 558 0.0005754244350165355 1 0 0.6 0.5999850001874985
94 564 0.00046730451955940324 1 0 0.6 0.5999850001874985
95 570 0.00044507297024143816 1 0 0.6 0.5999850001874985
96 576 0.000356008391928287 1 0 0.6 0.5999850001874985
97 582 0.00026589503652757506 1 0 0.6 0.5999850001874985
98 588 0.0002599980411197243 1 0 0.6 0.5999850001874985
99 594 0.00020815901856410793 1 0 0.6 0.5999850001874985
100 600 0.00023403776337006246 1 0 0.6 0.5999850001874985
101 606 0.00021687179613653952 1 0 0.6 0.5999850001874985
102 612 0.00018251791208869782 1 0 0.6 0.5999850001874985
103 618 0.00016290096989452144 1 0 0.6 0.5999850001874985
104 624 0.00015324673592854453 1 0 0.6 0.5999850001874985
105 630 0.00013274607647727394 1 0 0.6 0.5999850001874985
106 636 9.579746503473884e-05 1 0 0.6 0.5999850001874985
107 642 8.259722352119959e-05 1 0 0.6 0.5999850001874985
108 648 6.537624735829347e-05 1 0 0.6 0.5999850001874985
109 654 4.820654072040913e-05 1 0 0.6 0.5999850001874985
109 654 4.820654072040913e-05 1 0 0.6 0.5999850001874985
