% # columns="iteration, evaluation, sigma, void, void,  stds==sigma*sigma_vec.scaling*sqrt(diag(C))", seed=523231, Thu Jul 24 16:01:23 2025, <python>{}</python>
1 6 1.0313518041542795 0 0 0.6000000000000001 0.5633266072981642
2 12 1.0571802635370782 0 0 0.6 0.49371812349233074
3 18 1.0366179462308787 0 0 0.5876498657731358 0.44051588475992437
4 24 0.9811065660278736 0 0 0.5586028498873844 0.3710974711495484
5 30 0.8666173360468297 0 0 0.4526585852413218 0.275096683932335
6 36 0.8454715742441122 0 0 0.37361559518532195 0.27739341555952457
7 42 0.6642929213376843 0 0 0.2385337979434983 0.2066428768054709
8 48 0.5371790301951396 0 0 0.17560078105264668 0.14719938275037572
9 54 0.4769814968042888 0 0 0.12727949117768506 0.1310983632660284
10 60 0.382155755830772 0 0 0.0828118744484648 0.10403092256978216
11 66 0.3036889598803197 0 0 0.05853659337916204 0.07649165724369585
12 72 0.3061441825064603 0 0 0.06398156927354676 0.07395306507626993
13 78 0.3191026015246891 0 0 0.07217792738157768 0.08136537745908552
14 84 0.34810351264938033 0 0 0.08580270535496973 0.10018627576337022
15 90 0.30831826030342324 0 0 0.07006760341069783 0.08184832711368936
16 96 0.2616759108498877 0 0 0.04966099872476655 0.05902783588089823
17 102 0.2581011982737514 0 0 0.04901687884628878 0.060531965703255364
18 108 0.32006074106093935 0 0 0.07285905481364652 0.09097054323284227
19 114 0.25872778662938895 0 0 0.05568334393130837 0.06724519036488598
20 120 0.2040734287664572 0 0 0.039268406462323276 0.047938063157272996
21 126 0.24166930779835136 0 0 0.04285974762188117 0.056974122087285264
22 132 0.21376490013938354 0 0 0.03463626672938113 0.04592140884658288
23 138 0.2780509478158315 0 0 0.05487534656396737 0.0800225573009156
24 144 0.28616241388242303 0 0 0.05230383408077465 0.07122497371780057
25 150 0.2995201406828278 0 0 0.054887448963843434 0.07173750751049118
26 156 0.2405872055307521 0 0 0.03978144264534201 0.05259061700815744
27 162 0.1981349353986681 0 0 0.031116945234766526 0.041315036340537556
28 168 0.19070404751157558 0 0 0.025264695078379164 0.03387164948509823
29 174 0.1971650912606282 0 0 0.02361541301537423 0.030760773048372176
30 180 0.19535999407588595 0 0 0.023347978351231896 0.028166758900610538
31 186 0.2351085387731764 0 0 0.027507698088249655 0.030637612001250127
32 192 0.24817533297883373 0 0 0.02521082742409667 0.0283797411650716
33 198 0.3076002665612897 0 0 0.03319186179787678 0.03142477885386474
34 204 0.2677771180436171 0 0 0.02640159938135586 0.024978897386174332
35 210 0.20801415662965658 0 0 0.016414684782688017 0.015490457304478693
36 216 0.17458845523665129 0 0 0.012549843999068187 0.011023085727515064
37 222 0.14268310747960802 0 0 0.008243110646984178 0.007497866943568272
38 228 0.13541676550505627 0 0 0.006343268854575057 0.006494229241373192
39 234 0.1252796610651338 0 0 0.005228392805778756 0.005632916688593881
40 240 0.13038752016513794 0 0 0.005111489792252582 0.005190005695217455
41 246 0.10674767810328192 0 0 0.0037847287079873404 0.0033239964282886208
42 252 0.08912177453624903 0 0 0.00288525199597616 0.002487454387359714
43 258 0.08208938402140165 0 0 0.002386592543368453 0.0022876023086345937
44 264 0.09152010475711421 0 0 0.003059412335846996 0.002394504281223269
45 270 0.09337497815762517 0 0 0.002895418783261654 0.0020686694813811315
46 276 0.09790553364457798 0 0 0.00350800967681446 0.0018223942339917528
47 282 0.09556065745650037 0 0 0.0036192531732178795 0.001525757843042618
48 288 0.07437850516807525 0 0 0.00273218163366969 0.000976558976954249
49 294 0.07562690427420461 0 0 0.002682945272676237 0.00105881968381714
50 300 0.11174539363711837 0 0 0.004090772211323215 0.0015055933027890102
51 306 0.17327680874576953 0 0 0.006515840935273414 0.0023842817680724054
52 312 0.24644175986185066 0 0 0.008839193146753858 0.0029356467384868976
53 318 0.19109349199208317 0 0 0.005922569338753647 0.0021033405543217656
54 324 0.1552795559079369 0 0 0.004483763386601963 0.0016575016394037023
55 330 0.11742319792771522 0 0 0.00291594321093904 0.0009850443120205613
56 336 0.10683709877886022 0 0 0.0024740768044353087 0.0007083381126759488
57 342 0.11187898255453814 0 0 0.00271633694972362 0.0005769429432400669
58 348 0.08183456384782029 0 0 0.001885003392780336 0.00034301766538009573
59 354 0.08678093456235356 0 0 0.0020442892741851944 0.0003402106332788401
60 360 0.07340291605384644 0 0 0.001529497670698455 0.00025868701364481305
61 366 0.056297336169110195 0 0 0.0009699035460788609 0.00018949519178977425
62 372 0.048091507049704406 0 0 0.0008097495852607802 0.00013728645285871255
63 378 0.047739262392364784 0 0 0.0008636438600737364 0.00012119004258560171
64 384 0.049004982572577314 0 0 0.0009499596699419764 0.00013191298689090657
65 390 0.04208964971487391 0 0 0.0007597916265898485 0.00011166915010360272
66 396 0.03682097296214011 0 0 0.0005678456498489583 8.336733156314026e-05
67 402 0.034414951637232155 0 0 0.0004919199404818486 6.705101514440268e-05
68 408 0.02820255493535224 0 0 0.0003400267878120948 5.202041052442428e-05
69 414 0.03142145149154581 0 0 0.0003480105637413702 5.912562396823682e-05
70 420 0.03117141671063598 0 0 0.00032368147574489403 5.446603498412561e-05
71 426 0.02575382168520555 0 0 0.00025726977314299875 3.896070834208123e-05
72 432 0.021519708078450717 0 0 0.0001764947056293094 3.2569041743169284e-05
73 438 0.01743499209619218 0 0 0.00013085454395547224 2.3041683176370447e-05
74 444 0.016020186502520316 0 0 0.00010496349092543707 2.1469492889344476e-05
75 450 0.013934235624827911 0 0 8.68672970986304e-05 1.5966494837347085e-05
76 456 0.011151586685997666 0 0 6.191892625329374e-05 1.1563423699386298e-05
77 462 0.012493263192818002 0 0 8.000847304290031e-05 1.2201392977767803e-05
78 468 0.010142012547005565 0 0 5.7885041185988484e-05 8.713653770344128e-06
79 474 0.007962346373803351 0 0 4.2714153653675156e-05 5.716807097683808e-06
80 480 0.0065897037116229564 0 0 3.020538683092102e-05 4.432542496769006e-06
81 486 0.0058196648719987774 0 0 2.328055924770499e-05 3.966886076722495e-06
82 492 0.004754092900288918 0 0 1.7566537686836198e-05 2.8490744811988453e-06
83 498 0.003633111508702475 0 0 1.1771229700136542e-05 1.9793345739781683e-06
84 504 0.0033573121131667953 0 0 1.0447945185965323e-05 1.4916091671442696e-06
85 510 0.003296783506261573 0 0 9.2178346455928e-06 1.5453388867521382e-06
86 516 0.002671954653431112 0 0 6.410772121481628e-06 1.1590919058917216e-06
87 522 0.0023910287461020715 0 0 5.23424425459446e-06 9.793013936322042e-07
88 528 0.0023200563061943425 0 0 4.536171210781766e-06 9.070885614835423e-07
89 534 0.00190451586290187 0 0 3.6635695300995935e-06 5.813513791564496e-07
90 540 0.0013536278959523681 0 0 2.357616513387534e-06 3.4981528340847024e-07
91 546 0.0011527362587639349 0 0 1.9115362765079637e-06 2.58323976596737e-07
92 552 0.0010375815937761663 0 0 1.622397576007104e-06 2.0781495809070314e-07
93 558 0.0007879159590758702 0 0 1.0935266837104748e-06 1.3761136304974502e-07
94 564 0.0006165599326786496 0 0 6.747359296119244e-07 1.0502609703304834e-07
95 570 0.0004465533659010522 0 0 3.9080293657656833e-07 7.196631696368063e-08
96 576 0.0003379183748783743 0 0 2.780646318421843e-07 4.378329955882487e-08
97 582 0.0002609824086524519 0 0 1.8780568083009627e-07 3.047909820265798e-08
98 588 0.0002226914505257064 0 0 1.4231819141777012e-07 2.3492268498455314e-08
99 594 0.0001818575516527728 0 0 9.621055800032302e-08 1.829975674115787e-08
100 600 0.00016128175934440245 0 0 8.232448042686241e-08 1.4229506660744393e-08
101 606 0.00015670755703704408 0 0 7.608406463690161e-08 1.2952523143490085e-08
102 612 0.00013631584477090972 0 0 5.7847400785830274e-08 1.0806904658047914e-08
103 618 0.00010861803145794959 0 0 4.572184972848776e-08 6.854313936868871e-09
104 624 0.00010796274976904429 0 0 3.755540956514074e-08 7.599425359637145e-09
105 630 8.632874373771714e-05 0 0 2.7273314882849503e-08 5.828263205650303e-09
106 636 8.00662970146543e-05 0 0 2.3565620023979405e-08 4.8009596345700895e-09
107 642 6.201124702334138e-05 0 0 1.7321160415939047e-08 3.0609213776205233e-09
108 648 4.905966915398667e-05 0 0 1.2927448644238871e-08 1.9038224914072554e-09
108 648 4.905966915398667e-05 0 0 1.2927448644238871e-08 1.9038224914072554e-09
