% # columns="iteration, evaluation, void, void, void, xmean", seed=523231, Thu Jul 24 16:01:23 2025, <python>{}</python> # scaling_of_variables: 1, typical_x: 0
1 6 0 0 0 0.5345025231625059 0.33965673083876685
2 12 0 0 0 0.8687145762199397 0.4668202604884048
3 18 0 0 0 0.9943740625835246 0.09495886056905535
4 24 0 0 0 1.233351594822123 0.458126680375896
5 30 0 0 0 1.3247910193006112 0.25154457832398736
6 36 0 0 0 1.2916177850810895 0.052083973059954214
7 42 0 0 0 1.3722415024917831 0.11365337147074621
8 48 0 0 0 1.2781426372951232 0.18960288898412872
9 54 0 0 0 1.2380481869354116 0.25278668099760293
10 60 0 0 0 1.2447791465689386 0.17486455284318494
11 66 0 0 0 1.2244421177639855 0.2197429608960296
12 72 0 0 0 1.1755596294607373 0.25772278687802846
13 78 0 0 0 1.1379837092326905 0.30467115708382714
14 84 0 0 0 1.089654404154638 0.36478564139287817
15 90 0 0 0 1.0766196576375384 0.3697614352317124
16 96 0 0 0 1.0899116743486457 0.3738662990687445
17 102 0 0 0 1.046947012524814 0.42050441651624076
18 108 0 0 0 0.993721648937873 0.48988020685579386
19 114 0 0 0 1.0118052628534062 0.46116558677329483
20 120 0 0 0 1.031943425182123 0.4433273850160249
21 126 0 0 0 1.017062009618014 0.476791227486114
22 132 0 0 0 1.0079595397086047 0.48752786934845715
23 138 0 0 0 0.9637900175461558 0.5522108429049402
24 144 0 0 0 0.9457157182812235 0.5670552971081817
25 150 0 0 0 0.9130640441791809 0.6079771191833788
26 156 0 0 0 0.9210126360915323 0.6030326761056694
27 162 0 0 0 0.9212797370485151 0.6060764341700959
28 168 0 0 0 0.9171300548411995 0.6040608590449882
29 174 0 0 0 0.9148082903810283 0.6019925181914015
30 180 0 0 0 0.899530448227672 0.6199829323990936
31 186 0 0 0 0.885562482702767 0.6302488626037308
32 192 0 0 0 0.8954740174451673 0.6140648188076759
33 198 0 0 0 0.8696807464282996 0.6352143101872463
34 204 0 0 0 0.8663293510494915 0.6414801315315268
35 210 0 0 0 0.8734092096851167 0.638234679829117
36 216 0 0 0 0.8720580291545594 0.6418139311520834
37 222 0 0 0 0.8728607134595372 0.6380583907379828
38 228 0 0 0 0.8710092340406208 0.6370628160426226
39 234 0 0 0 0.8700570200354246 0.6363794072672414
40 240 0 0 0 0.8687969006355591 0.635099267818982
41 246 0 0 0 0.869134126254745 0.6348543655917963
42 252 0 0 0 0.8690944176442597 0.636559936161565
43 258 0 0 0 0.8670617737252007 0.63761117119494
44 264 0 0 0 0.8648071240113334 0.6388498450529141
45 270 0 0 0 0.8648512275293204 0.6374625659933255
46 276 0 0 0 0.8630119269486236 0.6378393956334258
47 282 0 0 0 0.8612356489612035 0.6386088657163387
48 288 0 0 0 0.8633929492772794 0.6383461091280357
49 294 0 0 0 0.8611535811354676 0.6393175919266038
50 300 0 0 0 0.8568018256524006 0.6398819093613782
51 306 0 0 0 0.8539954997016646 0.6390667551439208
52 312 0 0 0 0.8481087240747149 0.6397495951123384
53 318 0 0 0 0.852792573129443 0.6393362904250097
54 324 0 0 0 0.8507745268954033 0.6401318804044052
55 330 0 0 0 0.8512484499642099 0.6402086048883537
56 336 0 0 0 0.8498507527139202 0.6400313983194249
57 342 0 0 0 0.8480806848242394 0.6400586959403058
58 348 0 0 0 0.8489484246534906 0.6400687544369282
59 354 0 0 0 0.850966256928493 0.6401212330184383
60 360 0 0 0 0.8510497931747916 0.6399887067424369
61 366 0 0 0 0.8503797107636432 0.6399784284715937
62 372 0 0 0 0.8499518192420764 0.6399698879594106
63 378 0 0 0 0.850904462080406 0.640003075671071
64 384 0 0 0 0.8497475242452089 0.6398932560808872
65 390 0 0 0 0.8503220351772205 0.6400166110938796
66 396 0 0 0 0.8498822124384813 0.6399859539073605
67 402 0 0 0 0.8499338983228641 0.6400348349645226
68 408 0 0 0 0.8498168986532268 0.6400287893606418
69 414 0 0 0 0.8501059743909646 0.6399891832807515
70 420 0 0 0 0.8499763610403452 0.6399577017970414
71 426 0 0 0 0.8501233051139365 0.6399901795222219
72 432 0 0 0 0.8500060237470339 0.6400012609214631
73 438 0 0 0 0.8500144208514624 0.6400088390048863
74 444 0 0 0 0.8500223447052251 0.6399876895743171
75 450 0 0 0 0.8500845138522406 0.6399953544619595
76 456 0 0 0 0.8500611833042394 0.640001580088923
77 462 0 0 0 0.8499829397506466 0.6399988965660964
78 468 0 0 0 0.8499966640428247 0.640001821158982
79 474 0 0 0 0.8499953622395419 0.639998853913646
80 480 0 0 0 0.8499893559260191 0.6400019851849126
81 486 0 0 0 0.8500019079731964 0.6399984423906807
82 492 0 0 0 0.8500086205269359 0.6399987676537789
83 498 0 0 0 0.8500061047641132 0.6399982648430709
84 504 0 0 0 0.8499983318509354 0.6399982343272248
85 510 0 0 0 0.8499955312566628 0.6399996391184467
86 516 0 0 0 0.8499941420066712 0.6399990046209129
87 522 0 0 0 0.8499970577135592 0.639999659175502
88 528 0 0 0 0.8499973224462883 0.6400002282174297
89 534 0 0 0 0.8499987792208527 0.6400000335996134
90 540 0 0 0 0.8499980910226451 0.6400000287308407
91 546 0 0 0 0.8499993035532118 0.6400000918070062
92 552 0 0 0 0.8500001259239722 0.6400000158303774
93 558 0 0 0 0.8500000583610376 0.6400000448064864
94 564 0 0 0 0.8499999799351727 0.6399999995232556
95 570 0 0 0 0.8499999399003397 0.6400000036674932
96 576 0 0 0 0.8499999793903812 0.6400000206889287
97 582 0 0 0 0.8499999912985389 0.6400000049344636
98 588 0 0 0 0.8500000874748777 0.6400000076763237
99 594 0 0 0 0.8500001156116036 0.6400000070457332
100 600 0 0 0 0.8500000484890355 0.6400000013975419
101 606 0 0 0 0.8499999992490591 0.639999999995067
102 612 0 0 0 0.8499999886276931 0.6399999976001711
103 618 0 0 0 0.8500000136169463 0.6399999957002283
104 624 0 0 0 0.8499999997917191 0.640000003208367
105 630 0 0 0 0.8500000174481334 0.6399999988179486
106 636 0 0 0 0.849999993988619 0.6399999997913163
107 642 0 0 0 0.8499999984065676 0.6400000011918614
108 648 0 0 0 0.8499999934356605 0.6400000009569216
108 648 0 0 0 0.8499999934356605 0.6400000009569216
