% # columns="iter, evals, sigma, 0, fitness, xbest" seed=523231, Thu Jul 24 16:01:23 2025, <python>{}</python>
1 6 1.0313518041542795 0 0.10925348570077198 0.7074631998724298 0.5158910912329826
2 12 1.0571802635370782 0 0.3024665336316048 0.6472692737550388 0.3767618295091214
3 18 1.0366179462308787 0 1.637285053296531 0.4213411652016926 0.06340392760628527
4 24 0.9811065660278736 0 3.0231207446965356 0.6122161371009475 0.5443003216395181
5 30 0.8666173360468297 0 0.8454589636831336 0.4239964443992902 0.25144437857220026
6 36 0.8454715742441122 0 1.5469994342447737 0.4768194324654026 0.11451699414747324
7 42 0.6642929213376843 0 0.36839649911668093 0.39394328944163226 0.158495498559552
8 48 0.5371790301951396 0 0.5492214278128741 0.4318060768544768 0.23403558988242557
9 54 0.4769814968042888 0 0.39930755034752785 0.4957722407149744 0.283877109440495
10 60 0.382155755830772 0 0.4015476107574527 0.44545235873977174 0.16776438525688286
11 66 0.3036889598803197 0 0.27742222743843514 0.4733681872251895 0.2231765455000959
12 72 0.3061441825064603 0 0.25448950537738546 0.5047639082675522 0.24517894009432217
13 78 0.3191026015246891 0 0.19791173949270674 0.5916019803637137 0.3323512487552573
14 84 0.34810351264938033 0 0.16842325162871957 0.6382277117986915 0.38795832166862315
15 90 0.30831826030342324 0 0.15529599907157768 0.6317837351492853 0.38511046671496957
16 96 0.2616759108498877 0 0.1657749192001634 0.609596138914574 0.3831658886544565
17 102 0.2581011982737514 0 0.11345364733921064 0.6635914457051607 0.43867154873895836
18 108 0.32006074106093935 0 0.1217533116017192 0.7242539703740035 0.5031621769141676
19 114 0.25872778662938895 0 0.10880999755380266 0.6984106105084692 0.4744155555090111
20 120 0.2040734287664572 0 0.10200672757764587 0.6949178088457989 0.4734600551418576
21 126 0.24166930779835136 0 0.10934060173175167 0.6910972376120869 0.4894135633547751
22 132 0.21376490013938354 0 0.10349015853475235 0.6847824675411661 0.47535203039286994
23 138 0.2780509478158315 0 0.08549295415418068 0.7551661985890525 0.5862601558591864
24 144 0.28616241388242303 0 0.06653758130359386 0.7486835395366193 0.5547153145716845
25 150 0.2995201406828278 0 0.04688629977184588 0.7839593807724741 0.6160509080261037
26 156 0.2405872055307521 0 0.06357153033724856 0.7914151169240161 0.6405025888068026
27 162 0.1981349353986681 0 0.06551629893785242 0.7582054232181444 0.5832728929139481
28 168 0.19070404751157558 0 0.0462590216502677 0.7851564519583671 0.617476991545689
29 174 0.1971650912606282 0 0.04878160648052624 0.7861904997651673 0.612557357746411
30 180 0.19535999407588595 0 0.04488380846315788 0.7909237357217352 0.6289822326670794
31 186 0.2351085387731764 0 0.04174566729307924 0.7962604079580907 0.6355663648865841
32 192 0.24817533297883373 0 0.042313640575829946 0.7958165355959176 0.6308284554932341
33 198 0.3076002665612897 0 0.041490169856143885 0.7974291008629019 0.6337596276554313
34 204 0.2677771180436171 0 0.041417447682161095 0.7974183241846522 0.6378204947534156
35 210 0.20801415662965658 0 0.04289332285133493 0.7961004304429635 0.6374067194807711
36 216 0.17458845523665129 0 0.043172280863178376 0.7982838644185465 0.6422399802952384
37 222 0.14268310747960802 0 0.04266951046835799 0.7983700757608029 0.6418835239309084
38 228 0.13541676550505627 0 0.04094417657983476 0.7976673680051183 0.6365116122332967
39 234 0.1252796610651338 0 0.040789351436297624 0.7980425286641085 0.637030975259611
40 240 0.13038752016513794 0 0.041140951763198264 0.7987439911833185 0.6354681356475489
41 246 0.10674767810328192 0 0.04136901075320532 0.7979685970765584 0.6344037266361181
42 252 0.08912177453624903 0 0.040769927336952214 0.7981374988831968 0.6365602395356068
43 258 0.08208938402140165 0 0.040547558587945016 0.7986399604803499 0.6376956683531829
44 264 0.09152010475711421 0 0.040436968678747486 0.799063614445163 0.6392871192274259
45 270 0.09337497815762517 0 0.04050897191495536 0.7988384383234158 0.6374871217972979
46 276 0.09790553364457798 0 0.040168395277825696 0.7996382691695515 0.6389358504860743
47 282 0.09556065745650037 0 0.04023708439406252 0.7995796834675374 0.6384983264066307
48 288 0.07437850516807525 0 0.04038695591514512 0.799135266642194 0.6379822349591977
49 294 0.07562690427420461 0 0.04021454892423099 0.7995142094378554 0.6396701478690784
50 300 0.11174539363711837 0 0.04009237606595534 0.799771982118231 0.6397409078689898
51 306 0.17327680874576953 0 0.04007319841610805 0.7999605193975127 0.6391791742522438
52 312 0.24644175986185066 0 0.04001726981034749 0.7999997771677887 0.6395851476613758
53 318 0.19109349199208317 0 0.04005981221631737 0.7998608027000691 0.6395744756787848
54 324 0.1552795559079369 0 0.04002843248497442 0.7999944454814705 0.64050307614667
55 330 0.11742319792771522 0 0.04003575293267354 0.7999998195873953 0.640597045146033
56 336 0.10683709877886022 0 0.04000049151811753 0.7999989308911369 0.6399730162337898
57 342 0.11187898255453814 0 0.040008185681025585 0.7999795407146927 0.6399712004322309
58 348 0.08183456384782029 0 0.040009536775200576 0.7999940610060131 0.6402581007527626
59 354 0.08678093456235356 0 0.04000481004618969 0.7999943392172038 0.6401504953109427
60 360 0.07340291605384644 0 0.04000171793966748 0.7999965230735786 0.6399372392891374
61 366 0.056297336169110195 0 0.040000297673723866 0.7999996711830806 0.6400402350078369
62 372 0.048091507049704406 0 0.04000065232433294 0.7999988688705001 0.6399534832311412
63 378 0.047739262392364784 0 0.04000168450152342 0.7999957960178716 0.6399878968455374
64 384 0.049004982572577314 0 0.04000087278414489 0.7999999224597897 0.6399081280171782
65 390 0.04208964971487391 0 0.040000370480019996 0.7999992856218358 0.6400279651118354
66 396 0.03682097296214011 0 0.04000015653605791 0.7999999012855856 0.6399656294448843
67 402 0.034414951637232155 0 0.04000041729285591 0.7999995285984771 0.6400470716947378
68 408 0.02820255493535224 0 0.04000025616666726 0.7999995107849611 0.6400238100218575
69 414 0.03142145149154581 0 0.040000068870749333 0.7999999999146 0.6399737631354113
70 420 0.03117141671063598 0 0.04000006857358654 0.7999999976757641 0.6399739878417863
71 426 0.02575382168520555 0 0.04000009065326161 0.7999998350286474 0.6400154410429445
72 432 0.021519708078450717 0 0.040000041294776224 0.799999951698209 0.6400147463663186
73 438 0.01743499209619218 0 0.04000002894233108 0.7999999838821816 0.6400149726125632
74 444 0.016020186502520316 0 0.04000002968936767 0.79999999980236 0.6399827920367327
75 450 0.013934235624827911 0 0.040000018703948814 0.7999999671837547 0.639992479261553
76 456 0.011151586685997666 0 0.040000011310468625 0.799999975382008 0.6400037858840079
77 462 0.012493263192818002 0 0.04000000987023064 0.7999999797797295 0.6399957461288569
78 468 0.010142012547005565 0 0.04000000186684932 0.7999999997986891 0.6400042261716626
79 474 0.007962346373803351 0 0.040000000445006 0.7999999999870782 0.6399979027495706
80 480 0.0065897037116229564 0 0.040000000563181176 0.7999999999444098 0.6400023257337369
81 486 0.0058196648719987774 0 0.04000000024117768 0.7999999996672178 0.639998959925326
82 492 0.004754092900288918 0 0.040000000661284486 0.7999999983721664 0.6400003160024547
83 498 0.003633111508702475 0 0.04000000046832383 0.7999999998548143 0.639997974305903
84 504 0.0033573121131667953 0 0.04000000039626088 0.7999999997128646 0.6399983220223979
85 510 0.003296783506261573 0 0.0400000001600091 0.7999999998343487 0.6399990314965229
86 516 0.002671954653431112 0 0.04000000017980363 0.7999999999473479 0.6399987399839847
87 522 0.0023910287461020715 0 0.0400000000136283 0.7999999999769513 0.6399997899914652
88 528 0.0023200563061943425 0 0.04000000001554177 0.7999999999617253 0.6400000480948599
89 534 0.00190451586290187 0 0.040000000004067726 0.7999999999906052 0.6399999443237021
90 540 0.0013536278959523681 0 0.04000000000867946 0.7999999999872949 0.6399998103113959
91 546 0.0011527362587639349 0 0.040000000005278716 0.7999999999871479 0.6400000371103235
92 552 0.0010375815937761663 0 0.040000000000429706 0.7999999999999454 0.6399999361346381
93 558 0.0007879159590758702 0 0.04000000000146548 0.799999999999065 0.6400001044727834
94 564 0.0006165599326786496 0 0.04000000000015059 0.799999999999656 0.6399999886059656
95 570 0.0004465533659010522 0 0.040000000000018396 0.7999999999999831 0.6400000107765504
96 576 0.0003379183748783743 0 0.04000000000010073 0.7999999999998647 0.6400000215911306
97 582 0.0002609824086524519 0 0.04000000000001703 0.7999999999999575 0.6400000006166742
98 588 0.0002226914505257064 0 0.04000000000001643 0.7999999999999752 0.6400000080628784
99 594 0.0001818575516527728 0 0.04000000000003024 0.7999999999999485 0.6400000098253734
100 600 0.00016128175934440245 0 0.04000000000000169 0.7999999999999958 0.6400000003505384
101 606 0.00015670755703704408 0 0.040000000000002485 0.7999999999999939 0.6399999991885557
102 612 0.00013631584477090972 0 0.04000000000000645 0.7999999999999866 0.6399999967004415
103 618 0.00010861803145794959 0 0.04000000000000372 0.7999999999999997 0.6399999939973628
104 624 0.00010796274976904429 0 0.040000000000001416 0.7999999999999996 0.6400000035416192
105 630 8.632874373771714e-05 0 0.040000000000001 0.7999999999999998 0.6399999969527179
106 636 8.00662970146543e-05 0 0.04000000000000021 0.7999999999999998 0.6399999988140403
107 642 6.201124702334138e-05 0 0.0400000000000001 0.7999999999999999 0.6400000008301017
108 648 4.905966915398667e-05 0 0.04000000000000022 0.8 0.6400000015481793
108 648 4.905966915398667e-05 0 0.04000000000000022 0.8 0.6400000015481793
