% # columns="iteration, evaluation, min max(neg(.)) min(pos(.)) max correlation, correlation matrix principal axes lengths  (sorted square roots of eigenvalues of correlation matrix)", seed=294408, Wed Jul 23 07:30:02 2025
1 6 -0.29064670674750387 -0.29064670674750387 -0.29064670674750387 -0.29064670674750387 0.8422311400396545 1.136066330258715
2 12 -0.44694041998093154 -0.44694041998093154 -0.44694041998093154 -0.44694041998093154 0.8422311400396545 1.136066330258715
3 18 -0.38588127673654427 -0.38588127673654427 -0.38588127673654427 -0.38588127673654427 0.7836572741086856 1.1772345886596027
4 24 -0.26459639261421897 -0.26459639261421897 -0.26459639261421897 -0.26459639261421897 0.7836572741086856 1.1772345886596027
5 30 -0.012785529367737533 -0.012785529367737533 -0.012785529367737533 -0.012785529367737533 0.9935866699147399 1.006372460557093
6 36 -0.03542329163009843 -0.03542329163009843 -0.03542329163009843 -0.03542329163009843 0.9935866699147399 1.006372460557093
7 42 -0.26633853792118267 -0.26633853792118267 -0.26633853792118267 -0.26633853792118267 0.8565404030627027 1.1253170832797228
8 48 -0.35564421903095744 -0.35564421903095744 -0.35564421903095744 -0.35564421903095744 0.8565404030627027 1.1253170832797228
9 54 -0.5060278996807569 -0.5060278996807569 -0.5060278996807569 -0.5060278996807569 0.7028314878541251 1.227203283763842
10 60 -0.6325192386145408 -0.6325192386145408 -0.6325192386145408 -0.6325192386145408 0.7028314878541251 1.227203283763842
11 66 -0.43171254781174 -0.43171254781174 -0.43171254781174 -0.43171254781174 0.7538484278608399 1.1965419122670715
12 72 -0.34995974822324444 -0.34995974822324444 -0.34995974822324444 -0.34995974822324444 0.7538484278608399 1.1965419122670715
13 78 -0.3216452317107649 -0.3216452317107649 -0.3216452317107649 -0.3216452317107649 0.8236229527455114 1.1496283015439228
14 84 -0.2667941452555016 -0.2667941452555016 -0.2667941452555016 -0.2667941452555016 0.8236229527455114 1.1496283015439228
15 90 0.0495630608662818 0.0495630608662818 0.0495630608662818 0.0495630608662818 0.9749035537599184 1.0244818499447814
16 96 0.13994220715676717 0.13994220715676717 0.13994220715676717 0.13994220715676717 0.9749035537599184 1.0244818499447814
17 102 0.4711678962817487 0.4711678962817487 0.4711678962817487 0.4711678962817487 0.7272084321006262 1.2129171019825504
18 108 0.4886580480378556 0.4886580480378556 0.4886580480378556 0.4886580480378556 0.7272084321006262 1.2129171019825504
19 114 0.6503081410697141 0.6503081410697141 0.6503081410697141 0.6503081410697141 0.5913474942284663 1.2846431960158098
20 120 0.6232518540945446 0.6232518540945446 0.6232518540945446 0.6232518540945446 0.5913474942284663 1.2846431960158098
21 126 0.7007754017897257 0.7007754017897257 0.7007754017897257 0.7007754017897257 0.5470142577760421 1.3041378001536976
22 132 0.7631021159795695 0.7631021159795695 0.7631021159795695 0.7631021159795695 0.5470142577760421 1.3041378001536976
23 138 0.7766724970374084 0.7766724970374084 0.7766724970374084 0.7766724970374084 0.4725753939453385 1.3329187886129479
24 144 0.9027447571157917 0.9027447571157917 0.9027447571157917 0.9027447571157917 0.4725753939453385 1.3329187886129479
25 150 0.9136055583944106 0.9136055583944106 0.9136055583944106 0.9136055583944106 0.293929313961009 1.383331326325841
26 156 0.8892441514916977 0.8892441514916977 0.8892441514916977 0.8892441514916977 0.293929313961009 1.383331326325841
27 162 0.8944863291401492 0.8944863291401492 0.8944863291401492 0.8944863291401492 0.3248286792446919 1.37640340349047
28 168 0.9398955328792528 0.9398955328792528 0.9398955328792528 0.9398955328792528 0.3248286792446919 1.37640340349047
29 174 0.9548552922298463 0.9548552922298463 0.9548552922298463 0.9548552922298463 0.21247284007645242 1.3981613970603846
30 180 0.9719508292622077 0.9719508292622077 0.9719508292622077 0.9719508292622077 0.21247284007645242 1.3981613970603846
31 186 0.970038168941052 0.970038168941052 0.970038168941052 0.970038168941052 0.17309486144582112 1.4035804818182147
32 192 0.9655045355386312 0.9655045355386312 0.9655045355386312 0.9655045355386312 0.17309486144582112 1.4035804818182147
33 198 0.9807343106457824 0.9807343106457824 0.9807343106457824 0.9807343106457824 0.1388008982471572 1.4073856296856886
34 204 0.9765013429121575 0.9765013429121575 0.9765013429121575 0.9765013429121575 0.1388008982471572 1.4073856296856886
35 210 0.9858884980228498 0.9858884980228498 0.9858884980228498 0.9858884980228498 0.11879184305814168 1.4092155612335715
36 216 0.9829979385416727 0.9829979385416727 0.9829979385416727 0.9829979385416727 0.11879184305814168 1.4092155612335715
37 222 0.9901759655620075 0.9901759655620075 0.9901759655620075 0.9901759655620075 0.09911626727229329 1.4107359659277166
38 228 0.9895093846357158 0.9895093846357158 0.9895093846357158 0.9895093846357158 0.09911626727229329 1.4107359659277166
39 234 0.9848648350377677 0.9848648350377677 0.9848648350377677 0.9848648350377677 0.12302505826957502 1.4088523112937594
40 240 0.9810540362870515 0.9810540362870515 0.9810540362870515 0.9810540362870515 0.12302505826957502 1.4088523112937594
41 246 0.9787316180477684 0.9787316180477684 0.9787316180477684 0.9787316180477684 0.14583683331803302 1.406673955843275
42 252 0.9832952002290344 0.9832952002290344 0.9832952002290344 0.9832952002290344 0.14583683331803302 1.406673955843275
43 258 0.98691425592612 0.98691425592612 0.98691425592612 0.98691425592612 0.11439293716781679 1.4095794606641088
44 264 0.9844391452674596 0.9844391452674596 0.9844391452674596 0.9844391452674596 0.11439293716781679 1.4095794606641088
45 270 0.978269266563319 0.978269266563319 0.978269266563319 0.978269266563319 0.1474134777986093 1.4065096041489795
46 276 0.9717435523053309 0.9717435523053309 0.9717435523053309 0.9717435523053309 0.1474134777986093 1.4065096041489795
47 282 0.9764720542647309 0.9764720542647309 0.9764720542647309 0.9764720542647309 0.15338821902372102 1.4058705681053043
48 288 0.9661741119054705 0.9661741119054705 0.9661741119054705 0.9661741119054705 0.15338821902372102 1.4058705681053043
49 294 0.9743466988344515 0.9743466988344515 0.9743466988344515 0.9743466988344515 0.16016647953160654 1.4051144789071286
50 300 0.9838349687132436 0.9838349687132436 0.9838349687132436 0.9838349687132436 0.16016647953160654 1.4051144789071286
51 306 0.9872274701825919 0.9872274701825919 0.9872274701825919 0.9872274701825919 0.11301561758185413 1.4096905583079542
52 312 0.9862827039661252 0.9862827039661252 0.9862827039661252 0.9862827039661252 0.11301561758185413 1.4096905583079542
53 318 0.9876489468504924 0.9876489468504924 0.9876489468504924 0.9876489468504924 0.111135292097099 1.4098400430015074
54 324 0.976016422930484 0.976016422930484 0.976016422930484 0.976016422930484 0.111135292097099 1.4098400430015074
55 330 0.9568968422625088 0.9568968422625088 0.9568968422625088 0.9568968422625088 0.2076129999241166 1.3988912903662345
56 336 0.9486665747434982 0.9486665747434982 0.9486665747434982 0.9486665747434982 0.2076129999241166 1.3988912903662345
57 342 0.920115481280729 0.920115481280729 0.920115481280729 0.920115481280729 0.2826384947583591 1.3856823161463558
58 348 0.9193124016591394 0.9193124016591394 0.9193124016591394 0.9193124016591394 0.2826384947583591 1.3856823161463558
59 354 0.9238658672958246 0.9238658672958246 0.9238658672958246 0.9238658672958246 0.2759241430251717 1.3870349192777465
60 360 0.9575666908935188 0.9575666908935188 0.9575666908935188 0.9575666908935188 0.2759241430251717 1.3870349192777465
61 366 0.9475758795034878 0.9475758795034878 0.9475758795034878 0.9475758795034878 0.2289631422227438 1.3955557600839488
62 372 0.8865568736830793 0.8865568736830793 0.8865568736830793 0.8865568736830793 0.2289631422227438 1.3955557600839488
63 378 0.8837476148937249 0.8837476148937249 0.8837476148937249 0.8837476148937249 0.3409580400962484 1.372496854238189
64 384 0.8814906205986522 0.8814906205986522 0.8814906205986522 0.8814906205986522 0.3409580400962484 1.372496854238189
65 390 0.8565018318577984 0.8565018318577984 0.8565018318577984 0.8565018318577984 0.3788115206038508 1.3625350754596368
66 396 0.8799129230089393 0.8799129230089393 0.8799129230089393 0.8799129230089393 0.3788115206038508 1.3625350754596368
67 402 0.8464976759044726 0.8464976759044726 0.8464976759044726 0.8464976759044726 0.3917937264626982 1.3588589610053254
68 408 0.7984328760966293 0.7984328760966293 0.7984328760966293 0.7984328760966293 0.3917937264626982 1.3588589610053254
69 414 0.8745420662789034 0.8745420662789034 0.8745420662789034 0.8745420662789034 0.35420041462581114 1.3691391697993682
70 420 0.859251736204221 0.859251736204221 0.859251736204221 0.859251736204221 0.35420041462581114 1.3691391697993682
71 426 0.8648053348330857 0.8648053348330857 0.8648053348330857 0.8648053348330857 0.3676882717288031 1.3655787545334344
72 432 0.821993282610169 0.821993282610169 0.821993282610169 0.821993282610169 0.3676882717288031 1.3655787545334344
73 438 0.731209641466162 0.731209641466162 0.731209641466162 0.731209641466162 0.5184499575984532 1.3157544001317882
74 444 0.7340081337218256 0.7340081337218256 0.7340081337218256 0.7340081337218256 0.5184499575984532 1.3157544001317882
75 450 0.7940477156352926 0.7940477156352926 0.7940477156352926 0.7940477156352926 0.4538196606194001 1.3394206641810826
76 456 0.7491551481280339 0.7491551481280339 0.7491551481280339 0.7491551481280339 0.4538196606194001 1.3394206641810826
77 462 0.7665472009801293 0.7665472009801293 0.7665472009801293 0.7665472009801293 0.4831695344492147 1.3291151947743767
78 468 0.7764009517473284 0.7764009517473284 0.7764009517473284 0.7764009517473284 0.4831695344492147 1.3291151947743767
79 474 0.7138861615293373 0.7138861615293373 0.7138861615293373 0.7138861615293373 0.5348961006313869 1.3091547507950836
80 480 0.6710015480014528 0.6710015480014528 0.6710015480014528 0.6710015480014528 0.5348961006313869 1.3091547507950836
81 486 0.578640980426894 0.578640980426894 0.578640980426894 0.578640980426894 0.6491217293952699 1.256439803741864
82 492 0.3958885885297634 0.3958885885297634 0.3958885885297634 0.3958885885297634 0.6491217293952699 1.256439803741864
83 498 0.23188732026045697 0.23188732026045697 0.23188732026045697 0.23188732026045697 0.8764203784369365 1.1099041941809469
84 504 0.34041861023782 0.34041861023782 0.34041861023782 0.34041861023782 0.8764203784369365 1.1099041941809469
85 510 0.24029336450281552 0.24029336450281552 0.24029336450281552 0.24029336450281552 0.8716115163862765 1.1136845893262668
86 516 0.40645767090761636 0.40645767090761636 0.40645767090761636 0.40645767090761636 0.8716115163862765 1.1136845893262668
87 522 0.41982012279274566 0.41982012279274566 0.41982012279274566 0.41982012279274566 0.7616953966036911 1.1915620515914165
88 528 0.433358302282285 0.433358302282285 0.433358302282285 0.433358302282285 0.7616953966036911 1.1915620515914165
89 534 0.44297895962920014 0.44297895962920014 0.44297895962920014 0.44297895962920014 0.7463384221456107 1.2012405919003903
90 540 0.43141335866210806 0.43141335866210806 0.43141335866210806 0.43141335866210806 0.7463384221456107 1.2012405919003903
91 546 0.5598975654953692 0.5598975654953692 0.5598975654953692 0.5598975654953692 0.6634021664907576 1.2489585923862203
92 552 0.5173650710005848 0.5173650710005848 0.5173650710005848 0.5173650710005848 0.6634021664907576 1.2489585923862203
93 558 0.5155462760078703 0.5155462760078703 0.5155462760078703 0.5155462760078703 0.6960271000414638 1.2310752519679171
94 564 0.23118539216473022 0.23118539216473022 0.23118539216473022 0.23118539216473022 0.6960271000414638 1.2310752519679171
95 570 0.44453792819009874 0.44453792819009874 0.44453792819009874 0.44453792819009874 0.7452932790585873 1.201889316114466
96 576 0.3195192623079211 0.3195192623079211 0.3195192623079211 0.3195192623079211 0.7452932790585873 1.201889316114466
97 582 0.3549855185910366 0.3549855185910366 0.3549855185910366 0.3549855185910366 0.8031279358912646 1.1640384523678917
98 588 0.23961370303434534 0.23961370303434534 0.23961370303434534 0.23961370303434534 0.8031279358912646 1.1640384523678917
99 594 0.23108430616431835 0.23108430616431835 0.23108430616431835 0.23108430616431835 0.8768783802989338 1.1095423859250797
100 600 0.11190668236567805 0.11190668236567805 0.11190668236567805 0.11190668236567805 0.8768783802989338 1.1095423859250797
101 606 -0.03921105565182248 -0.03921105565182248 -0.03921105565182248 -0.03921105565182248 0.9801984209067965 1.019417017540821
102 612 0.145044127597385 0.145044127597385 0.145044127597385 0.145044127597385 0.9801984209067965 1.019417017540821
103 618 0.12690413474492315 0.12690413474492315 0.12690413474492315 0.12690413474492315 0.9343959895328516 1.0615574100089562
104 624 0.4275966418393608 0.4275966418393608 0.4275966418393608 0.4275966418393608 0.9343959895328516 1.0615574100089562
105 630 0.3158985654941839 0.3158985654941839 0.3158985654941839 0.3158985654941839 0.8271042464561623 1.147126220384742
106 636 0.4962591674431529 0.4962591674431529 0.4962591674431529 0.4962591674431529 0.8271042464561623 1.147126220384742
107 642 0.4847155005862261 0.4847155005862261 0.4847155005862261 0.4847155005862261 0.7178331974865567 1.218489023580527
108 648 0.2467502582127006 0.2467502582127006 0.2467502582127006 0.2467502582127006 0.7178331974865567 1.218489023580527
109 654 0.08971535622736054 0.08971535622736054 0.08971535622736054 0.08971535622736054 0.9540883836273449 1.0438943223465489
110 660 0.35945204060527625 0.35945204060527625 0.35945204060527625 0.35945204060527625 0.9540883836273449 1.0438943223465489
111 666 0.4085276499168808 0.4085276499168808 0.4085276499168808 0.4085276499168808 0.7690723958660325 1.1868140755471688
112 672 0.2914549628435006 0.2914549628435006 0.2914549628435006 0.2914549628435006 0.7690723958660325 1.1868140755471688
113 678 0.24464023758611453 0.24464023758611453 0.24464023758611453 0.24464023758611453 0.8691143551995246 1.1156344551806001
114 684 0.3619987907411742 0.3619987907411742 0.3619987907411742 0.3619987907411742 0.8691143551995246 1.1156344551806001
115 690 0.21261842264097333 0.21261842264097333 0.21261842264097333 0.21261842264097333 0.8873452413570643 1.101189548915614
116 696 0.1041754456345696 0.1041754456345696 0.1041754456345696 0.1041754456345696 0.8873452413570643 1.101189548915614
117 702 -0.13105731571538343 -0.13105731571538343 -0.13105731571538343 -0.13105731571538343 0.9321709522853716 1.0635117844741464
118 708 0.11431116390594163 0.11431116390594163 0.11431116390594163 0.11431116390594163 0.9321709522853716 1.0635117844741464
119 714 0.015528402558810439 0.015528402558810439 0.015528402558810439 0.015528402558810439 0.9922054209896203 1.0077342916457743
120 720 0.1959451088152433 0.1959451088152433 0.1959451088152433 0.1959451088152433 0.9922054209896203 1.0077342916457743
121 726 0.319022306268215 0.319022306268215 0.319022306268215 0.319022306268215 0.8252137260926922 1.1484869639086963
122 732 0.30093908600495434 0.30093908600495434 0.30093908600495434 0.30093908600495434 0.8252137260926922 1.1484869639086963
123 738 0.10710241477694425 0.10710241477694425 0.10710241477694425 0.10710241477694425 0.9449325823692692 1.0521893435959824
124 744 0.23167474216878994 0.23167474216878994 0.23167474216878994 0.23167474216878994 0.9449325823692692 1.0521893435959824
125 750 0.17081207195319167 0.17081207195319167 0.17081207195319167 0.17081207195319167 0.9105975664621602 1.0820406979190715
126 756 0.10708081253984589 0.10708081253984589 0.10708081253984589 0.10708081253984589 0.9105975664621602 1.0820406979190715
127 762 0.03411978932917327 0.03411978932917327 0.03411978932917327 0.03411978932917327 0.9827920485386655 1.0169168055102509
128 768 0.2425614215918958 0.2425614215918958 0.2425614215918958 0.2425614215918958 0.9827920485386655 1.0169168055102509
129 774 0.13368320781499604 0.13368320781499604 0.13368320781499604 0.13368320781499604 0.9307614045420038 1.0647456070888464
130 780 0.2406078797474197 0.2406078797474197 0.2406078797474197 0.2406078797474197 0.9307614045420038 1.0647456070888464
131 786 0.015488083351508999 0.015488083351508999 0.015488083351508999 0.015488083351508999 0.9922257387552952 1.0077142865671347
132 792 -0.012281589329327275 -0.012281589329327275 -0.012281589329327275 -0.012281589329327275 0.9922257387552952 1.0077142865671347
133 798 0.01785745986682716 0.01785745986682716 0.01785745986682716 0.01785745986682716 0.9910310490257976 1.0088892208101081
134 804 0.003885602788557385 0.003885602788557385 0.003885602788557385 0.003885602788557385 0.9910310490257976 1.0088892208101081
135 810 0.21604053026383452 0.21604053026383452 0.21604053026383452 0.21604053026383452 0.88541485741779 1.1027422773539766
136 816 0.16188480329410185 0.16188480329410185 0.16188480329410185 0.16188480329410185 0.88541485741779 1.1027422773539766
137 822 0.37046536179428025 0.37046536179428025 0.37046536179428025 0.37046536179428025 0.7934321887885063 1.1706687668996214
138 828 0.1310689060729263 0.1310689060729263 0.1310689060729263 0.1310689060729263 0.7934321887885063 1.1706687668996214
139 834 0.010801017560566546 0.010801017560566546 0.010801017560566546 0.010801017560566546 0.9945848291822238 1.0053860042593425
140 840 -0.046251124675263364 -0.046251124675263364 -0.046251124675263364 -0.046251124675263364 0.9945848291822238 1.0053860042593425
141 846 -0.23637206455258428 -0.23637206455258428 -0.23637206455258428 -0.23637206455258428 0.8738580751171301 1.1119226882083952
142 852 -0.1896338611529095 -0.1896338611529095 -0.1896338611529095 -0.1896338611529095 0.8738580751171301 1.1119226882083952
143 858 -0.06286478397521378 -0.06286478397521378 -0.06286478397521378 -0.06286478397521378 0.9680574445893105 1.0309533374383217
144 864 -0.013281081724354146 -0.013281081724354146 -0.013281081724354146 -0.013281081724354146 0.9680574445893105 1.0309533374383217
145 870 0.2683538416283645 0.2683538416283645 0.2683538416283645 0.2683538416283645 0.8553631733782066 1.1262121654592285
145 870 0.2683538416283645 0.2683538416283645 0.2683538416283645 0.2683538416283645 0.8553631733782066 1.1262121654592285
