% # columns="iteration, evaluation, sigma, max axis length,  min axis length, all principal axes lengths  (sorted square roots of eigenvalues of C)", seed=357221, Wed Jul 23 13:22:31 2025
1 6 1.1513102061851486 1.0000250003125026 1.0 1.0 1.0000250003125026
2 12 0.8735261302681507 1.240395317259412 0.8065278784757471 0.8065278784757471 1.240395317259412
3 18 0.9868067449342726 1.2535148714238085 0.6322817532181734 0.6322817532181734 1.2535148714238085
4 24 0.8487218090393007 1.4925915851636304 0.5349874346372862 0.5349874346372862 1.4925915851636304
5 30 0.6034206757264662 1.561189141697281 0.45073025243089027 0.45073025243089027 1.561189141697281
6 36 0.5333822490409406 1.3365922955822345 0.4012194635271197 0.4012194635271197 1.3365922955822345
7 42 0.48248980553114634 1.303011491582929 0.3369082859420974 0.3369082859420974 1.303011491582929
8 48 0.44571530335247994 1.36015482526229 0.3129624281831025 0.3129624281831025 1.36015482526229
9 54 0.38506496821040975 1.265066998426371 0.2923587035469175 0.2923587035469175 1.265066998426371
10 60 0.2797324875924678 1.213347368167549 0.24943040958317536 0.24943040958317536 1.213347368167549
11 66 0.24527311615773728 1.0833412457160527 0.22316344539017027 0.22316344539017027 1.0833412457160527
12 72 0.2171114073244784 0.9974413488030942 0.2023941646407797 0.2023941646407797 0.9974413488030942
13 78 0.18958324906011137 0.8165178372416336 0.21759607424123417 0.21759607424123417 0.8165178372416336
14 84 0.17193271306285293 0.7517233007862746 0.19730693407346905 0.19730693407346905 0.7517233007862746
15 90 0.1585924747383303 0.7393267270345925 0.17093666523706993 0.17093666523706993 0.7393267270345925
16 96 0.16071311447048922 0.6842564820730671 0.16195180930923467 0.16195180930923467 0.6842564820730671
17 102 0.22964205440062538 0.5882860311441915 0.16545681580626795 0.16545681580626795 0.5882860311441915
18 108 0.39656899082330493 0.7724928769412021 0.14301343512099043 0.14301343512099043 0.7724928769412021
19 114 0.6400191336062816 0.8114236276727599 0.1389722734386165 0.1389722734386165 0.8114236276727599
20 120 0.6179014371133965 0.878746725006972 0.12606592476334946 0.12606592476334946 0.878746725006972
21 126 0.5792926936802439 0.8026918677265212 0.12713549951337583 0.12713549951337583 0.8026918677265212
22 132 0.5471195129937828 0.6947239447081079 0.12946284911229552 0.12946284911229552 0.6947239447081079
23 138 0.41771828967981134 0.7185184892774863 0.11644491249973936 0.11644491249973936 0.7185184892774863
24 144 0.5060547045596399 0.6355591151062144 0.10907292801276627 0.10907292801276627 0.6355591151062144
25 150 0.38407202571074794 0.7413751517755515 0.10590536888628008 0.10590536888628008 0.7413751517755515
26 156 0.40130974530735297 0.6706505289652918 0.09429026857216007 0.09429026857216007 0.6706505289652918
27 162 0.3860402528926756 0.6246413523583919 0.09534021676673211 0.09534021676673211 0.6246413523583919
28 168 0.31445230741948693 0.6055613074572669 0.08547213863993469 0.08547213863993469 0.6055613074572669
29 174 0.23758053060264844 0.5646681994984302 0.07199151096106107 0.07199151096106107 0.5646681994984302
30 180 0.18728650508220407 0.4860840820171269 0.06419804534460784 0.06419804534460784 0.4860840820171269
31 186 0.1817594662620898 0.44270843477229327 0.05513110182014556 0.05513110182014556 0.44270843477229327
32 192 0.22862373354828974 0.4703604481805474 0.04575509639646211 0.04575509639646211 0.4703604481805474
33 198 0.22165401403698926 0.590167283658839 0.039796498806254285 0.039796498806254285 0.590167283658839
34 204 0.2787553629694911 0.6108736834831551 0.03161166177164812 0.03161166177164812 0.6108736834831551
35 210 0.2113815074405233 0.5968643295803463 0.03479966927312214 0.03479966927312214 0.5968643295803463
36 216 0.19682964619415372 0.5157018550129253 0.03305098993879498 0.03305098993879498 0.5157018550129253
37 222 0.1816645127767312 0.40971502310090235 0.03484905327594502 0.03484905327594502 0.40971502310090235
38 228 0.17948140867539736 0.3268669779028227 0.035322126176143706 0.035322126176143706 0.3268669779028227
39 234 0.15710228286685757 0.3056316493850499 0.03467339409167542 0.03467339409167542 0.3056316493850499
40 240 0.1542142399892888 0.2624721009226811 0.03365904378706744 0.03365904378706744 0.2624721009226811
41 246 0.14037120487868288 0.25086081457880793 0.03261329941340558 0.03261329941340558 0.25086081457880793
42 252 0.15137621478118204 0.23941392602562941 0.028059166661523135 0.028059166661523135 0.23941392602562941
43 258 0.11861581812560305 0.2192912423145041 0.030614170393580994 0.030614170393580994 0.2192912423145041
44 264 0.12371340794855804 0.17355107656450705 0.02989662456609654 0.02989662456609654 0.17355107656450705
45 270 0.17035447132489154 0.17347112584945457 0.02927561401517464 0.02927561401517464 0.17347112584945457
46 276 0.14605524615596208 0.18694639983393685 0.032160552826323324 0.032160552826323324 0.18694639983393685
47 282 0.13396845720679978 0.149355217332866 0.030981136228776015 0.030981136228776015 0.149355217332866
48 288 0.10251933371227481 0.14388518083700388 0.027727490455463362 0.027727490455463362 0.14388518083700388
49 294 0.10621342050826743 0.11759761727930645 0.027273525377288804 0.027273525377288804 0.11759761727930645
50 300 0.14839271883408597 0.1302954662468357 0.02389337788336672 0.02389337788336672 0.1302954662468357
51 306 0.13797816880617286 0.1611446810662618 0.02226417506668241 0.02226417506668241 0.1611446810662618
52 312 0.19544497753538248 0.14541664866718162 0.01970073626040923 0.01970073626040923 0.14541664866718162
53 318 0.21984257457332051 0.14979852764518298 0.022681379679105388 0.022681379679105388 0.14979852764518298
54 324 0.2172778596331066 0.1458161789833598 0.020542713864259588 0.020542713864259588 0.1458161789833598
55 330 0.2290971239011782 0.1199216447026962 0.021160734255098415 0.021160734255098415 0.1199216447026962
56 336 0.2965265720716206 0.12852025996813637 0.017824547276111432 0.017824547276111432 0.12852025996813637
57 342 0.22474778962347672 0.1260015556092077 0.01999044214732504 0.01999044214732504 0.1260015556092077
58 348 0.1859788811119996 0.10923949556878167 0.018361392008503997 0.018361392008503997 0.10923949556878167
59 354 0.1699117090984491 0.10317610335879446 0.01648808230440379 0.01648808230440379 0.10317610335879446
60 360 0.17290562494263192 0.09784648372875825 0.015152030551866185 0.015152030551866185 0.09784648372875825
61 366 0.17218448904257516 0.09680471227256326 0.014755341932121155 0.014755341932121155 0.09680471227256326
62 372 0.15437950100436118 0.08487081094991038 0.014458287932452503 0.014458287932452503 0.08487081094991038
63 378 0.1417488368332452 0.07867916861913526 0.012789133527288365 0.012789133527288365 0.07867916861913526
64 384 0.10507335985380314 0.07317916934700652 0.011202983256550331 0.011202983256550331 0.07317916934700652
65 390 0.09214461757297608 0.06243089674837231 0.01013353287796022 0.01013353287796022 0.06243089674837231
66 396 0.06712965280762297 0.056349075153644436 0.009374969431939452 0.009374969431939452 0.056349075153644436
67 402 0.06964687157147416 0.04877716199551437 0.008527211440162738 0.008527211440162738 0.04877716199551437
68 408 0.06429661533454777 0.05125991834892945 0.007687321140030554 0.007687321140030554 0.05125991834892945
69 414 0.050038946606109594 0.051970146389318614 0.0067084091232377675 0.0067084091232377675 0.051970146389318614
70 420 0.04546182667050639 0.045999676645728856 0.005843605783610463 0.005843605783610463 0.045999676645728856
71 426 0.03888625035379739 0.04641319768122877 0.00490901471338556 0.00490901471338556 0.04641319768122877
72 432 0.033930661060574505 0.038763301002854036 0.004672081922074346 0.004672081922074346 0.038763301002854036
73 438 0.03692831135241072 0.03518927304876103 0.004296417363870324 0.004296417363870324 0.03518927304876103
74 444 0.035533500567614645 0.03546971168184757 0.004011050258210247 0.004011050258210247 0.03546971168184757
75 450 0.025620282488302226 0.03326748622181703 0.0035785695218487653 0.0035785695218487653 0.03326748622181703
76 456 0.02246795576322413 0.02908108979675141 0.00306056646861251 0.00306056646861251 0.02908108979675141
77 462 0.020255721301298074 0.029244489766885956 0.002490480993240137 0.002490480993240137 0.029244489766885956
78 468 0.023614590590379146 0.027830469786123413 0.002284700369597711 0.002284700369597711 0.027830469786123413
79 474 0.021422946503915182 0.0314205331351661 0.0020924409439147897 0.0020924409439147897 0.0314205331351661
80 480 0.01898305884019072 0.02884605469268162 0.0018913136559575111 0.0018913136559575111 0.02884605469268162
81 486 0.020954897308636172 0.022290066308137676 0.002040679137343843 0.002040679137343843 0.022290066308137676
82 492 0.018202152237631802 0.02602524071043945 0.001753426633341242 0.001753426633341242 0.02602524071043945
83 498 0.0134609564375346 0.025702461732738477 0.001615090057552268 0.001615090057552268 0.025702461732738477
84 504 0.01188685166077119 0.020038652094779247 0.0015528030024482265 0.0015528030024482265 0.020038652094779247
85 510 0.009742168225780048 0.019724885732422794 0.0013158804975712945 0.0013158804975712945 0.019724885732422794
86 516 0.0068971132508690355 0.01752385652060181 0.001194415296737137 0.001194415296737137 0.01752385652060181
87 522 0.006314386927686158 0.015982940482771036 0.0010005325645421961 0.0010005325645421961 0.015982940482771036
88 528 0.004777630223034367 0.014718642087136144 0.0009165876467056687 0.0009165876467056687 0.014718642087136144
89 534 0.0038038389037799874 0.013818824427494547 0.0007754330242170192 0.0007754330242170192 0.013818824427494547
90 540 0.003048939322466218 0.011677793018447116 0.0007236612649211032 0.0007236612649211032 0.011677793018447116
91 546 0.0028132953488797276 0.010594298505512457 0.0006251742346407295 0.0006251742346407295 0.010594298505512457
92 552 0.0022636050180350493 0.008866173921660704 0.000635708011459863 0.000635708011459863 0.008866173921660704
93 558 0.0019405335057309631 0.007890342214390956 0.000556111459485147 0.000556111459485147 0.007890342214390956
94 564 0.0016621744641335888 0.007161848318454735 0.0005101808615517464 0.0005101808615517464 0.007161848318454735
95 570 0.0013349477094176006 0.006025865083768696 0.0004855494117325361 0.0004855494117325361 0.006025865083768696
96 576 0.0010948312214212482 0.0050594885680195125 0.00045668175054405395 0.00045668175054405395 0.0050594885680195125
97 582 0.0008646251076828137 0.004591358410330521 0.00039780355762173683 0.00039780355762173683 0.004591358410330521
98 588 0.0007079952107251694 0.004188616141329281 0.0003372614758139869 0.0003372614758139869 0.004188616141329281
99 594 0.0006608369241824309 0.004272208553633956 0.000266526703937213 0.000266526703937213 0.004272208553633956
100 600 0.0009538804467624246 0.0037638433257332236 0.00027279343775781347 0.00027279343775781347 0.0037638433257332236
101 606 0.0008985528045526366 0.003099019640275885 0.0003735377527355385 0.0003735377527355385 0.003099019640275885
102 612 0.0008191404644269325 0.0028200351985131983 0.00034085724248234493 0.00034085724248234493 0.0028200351985131983
103 618 0.0006500141323136417 0.0027625688863714484 0.00030716849573575065 0.00030716849573575065 0.0027625688863714484
104 624 0.0005829690928850956 0.002396785168512178 0.0002776408574532478 0.0002776408574532478 0.002396785168512178
105 630 0.0004780037180425261 0.0022087460971286954 0.000253373818013828 0.000253373818013828 0.0022087460971286954
106 636 0.0003629665220228659 0.0020059440320824382 0.0002250681747812398 0.0002250681747812398 0.0020059440320824382
107 642 0.00029599125846449347 0.0019178655584339104 0.0001791330191459663 0.0001791330191459663 0.0019178655584339104
108 648 0.0002466523697663362 0.001679507414721969 0.00016377867988606642 0.00016377867988606642 0.001679507414721969
109 654 0.00017848770976461843 0.0014479315669946543 0.000154522735318052 0.000154522735318052 0.0014479315669946543
110 660 0.0001458484304344078 0.0013746207571570935 0.00012247914770536515 0.00012247914770536515 0.0013746207571570935
111 666 0.00010803509531505695 0.001364394870062243 9.569359218980713e-05 9.569359218980713e-05 0.001364394870062243
112 672 9.376091699234647e-05 0.0012244416499031833 8.178048643969307e-05 8.178048643969307e-05 0.0012244416499031833
113 678 8.831824487980649e-05 0.001132455303621389 7.215315608207482e-05 7.215315608207482e-05 0.001132455303621389
114 684 6.974830895489102e-05 0.0011141929027567961 6.341615434481192e-05 6.341615434481192e-05 0.0011141929027567961
114 684 6.974830895489102e-05 0.0011141929027567961 6.341615434481192e-05 6.341615434481192e-05 0.0011141929027567961
