% # columns="iteration, evaluation, sigma, beta, void,  sigvec==sigma_vec.scaling factors from diagonal decoding", seed=294408, Wed Jul 23 07:30:02 2025, <python>{}</python>
1 6 0.9809416647213491 1 0 0.6 0.5999850001874985
2 12 0.760872453402254 1 0 0.6 0.5999850001874985
3 18 1.1360129211941108 1 0 0.4953715651689954 0.5999850001874985
4 24 1.1019406277664323 1 0 0.4953715651689954 0.5999850001874985
5 30 1.0898766559282755 1 0 0.4953715651689954 0.5999850001874985
6 36 0.9395436200088596 1 0 0.4953715651689954 0.5999850001874985
7 42 0.6664969765975363 1 0 0.4953715651689954 0.5999850001874985
8 48 0.510673243077805 1 0 0.4953715651689954 0.5999850001874985
9 54 0.39399744727714875 1 0 0.4953715651689954 0.5999850001874985
10 60 0.39913739057702224 1 0 0.4953715651689954 0.5999850001874985
11 66 0.6113061571312637 1 0 0.4953715651689954 0.5999850001874985
12 72 0.633212095671753 1 0 0.4953715651689954 0.5999850001874985
13 78 0.5293732432897154 1 0 0.4953715651689954 0.5999850001874985
14 84 0.37498680348041935 1 0 0.4953715651689954 0.5999850001874985
15 90 0.41791942178920144 1 0 0.4953715651689954 0.5999850001874985
16 96 0.30059354008610834 1 0 0.4953715651689954 0.5999850001874985
17 102 0.3496095135706675 1 0 0.4953715651689954 0.5999850001874985
18 108 0.3618724573089787 1 0 0.4953715651689954 0.5999850001874985
19 114 0.3771450810860225 1 0 0.4953715651689954 0.5999850001874985
20 120 0.36851666095726643 1 0 0.4953715651689954 0.5999850001874985
21 126 0.3637709341696044 1 0 0.4953715651689954 0.5999850001874985
22 132 0.33525724027402226 1 0 0.4953715651689954 0.5999850001874985
23 138 0.2972310996553611 1 0 0.4953715651689954 0.5999850001874985
24 144 0.3389596046511996 1 0 0.4953715651689954 0.5999850001874985
25 150 0.3621941781190621 1 0 0.4953715651689954 0.5999850001874985
26 156 0.320266460327409 1 0 0.4953715651689954 0.5999850001874985
27 162 0.32454017825725684 1 0 0.4953715651689954 0.5999850001874985
28 168 0.5796123880051113 1 0 0.4953715651689954 0.5999850001874985
29 174 0.5996882576535487 1 0 0.4953715651689954 0.5999850001874985
30 180 0.5012202860767385 1 0 0.4953715651689954 0.5999850001874985
31 186 0.5991195253579527 1 0 0.4953715651689954 0.5999850001874985
32 192 0.784926592525933 1 0 0.4953715651689954 0.5999850001874985
33 198 1.0183974065272086 1 0 0.4953715651689954 0.5999850001874985
34 204 1.1144288950501355 1 0 0.4953715651689954 0.5999850001874985
35 210 0.9279233548699852 1 0 0.4953715651689954 0.5999850001874985
36 216 0.7492049499286372 1 0 0.4953715651689954 0.5999850001874985
37 222 0.6733515499075071 1 0 0.4953715651689954 0.5999850001874985
38 228 0.590803181091632 1 0 0.4953715651689954 0.5999850001874985
39 234 0.507363228341518 1 0 0.4953715651689954 0.5999850001874985
40 240 0.5185694219756694 1 0 0.4953715651689954 0.5999850001874985
41 246 0.5539377802895544 1 0 0.4953715651689954 0.5999850001874985
42 252 0.5514684680062354 1 0 0.4953715651689954 0.5999850001874985
43 258 0.49383763546966586 1 0 0.4953715651689954 0.5999850001874985
44 264 0.48961698959185457 1 0 0.4953715651689954 0.5999850001874985
45 270 0.4397897513029569 1 0 0.4953715651689954 0.5999850001874985
46 276 0.36400766121058825 1 0 0.4953715651689954 0.5999850001874985
47 282 0.30684354572086536 1 0 0.4953715651689954 0.5999850001874985
48 288 0.2765724649921767 1 0 0.4953715651689954 0.5999850001874985
49 294 0.28253720004590094 1 0 0.4953715651689954 0.5999850001874985
50 300 0.25601618763499734 1 0 0.4953715651689954 0.5999850001874985
51 306 0.21461294805858677 1 0 0.4953715651689954 0.5999850001874985
52 312 0.2108744081887472 1 0 0.4953715651689954 0.5999850001874985
53 318 0.19738560000155755 1 0 0.4953715651689954 0.5999850001874985
54 324 0.3353515560726564 1 0 0.4953715651689954 0.5999850001874985
55 330 0.5776145611320577 1 0 0.4953715651689954 0.5999850001874985
56 336 0.551629406536456 1 0 0.4953715651689954 0.5999850001874985
57 342 0.4229062812039258 1 0 0.4953715651689954 0.5999850001874985
58 348 0.43408255695209375 1 0 0.4953715651689954 0.5999850001874985
59 354 0.3889099269691394 1 0 0.4953715651689954 0.5999850001874985
60 360 0.4327789000217122 1 0 0.4953715651689954 0.5999850001874985
61 366 0.39731524942208757 1 0 0.4953715651689954 0.5999850001874985
62 372 0.4441584813089966 1 0 0.4953715651689954 0.5999850001874985
63 378 0.5271435579947851 1 0 0.4953715651689954 0.5999850001874985
64 384 0.43831999375381925 1 0 0.4953715651689954 0.5999850001874985
65 390 0.3938560518694598 1 0 0.4953715651689954 0.5999850001874985
66 396 0.3142161077255667 1 0 0.4953715651689954 0.5999850001874985
67 402 0.2877559390775139 1 0 0.4953715651689954 0.5999850001874985
68 408 0.25134922433337775 1 0 0.4953715651689954 0.5999850001874985
69 414 0.23104785347318235 1 0 0.4953715651689954 0.5999850001874985
70 420 0.22960632047176982 1 0 0.4953715651689954 0.5999850001874985
71 426 0.3078990760185297 1 0 0.4953715651689954 0.5999850001874985
72 432 0.3748427304804617 1 0 0.4953715651689954 0.5999850001874985
73 438 0.43731100550160273 1 0 0.4953715651689954 0.5999850001874985
74 444 0.6079748596745509 1 0 0.4953715651689954 0.5999850001874985
75 450 0.7110042687650797 1 0 0.4953715651689954 0.5999850001874985
76 456 0.8300054594938724 1 0 0.4953715651689954 0.5999850001874985
77 462 0.6734008201927106 1 0 0.4953715651689954 0.5999850001874985
78 468 0.5694439342543047 1 0 0.4953715651689954 0.5999850001874985
79 474 0.49740281918162876 1 0 0.4953715651689954 0.5999850001874985
80 480 0.404502352524221 1 0 0.4953715651689954 0.5999850001874985
81 486 0.3660816353617399 1 0 0.4953715651689954 0.5999850001874985
82 492 0.424726316145779 1 0 0.4953715651689954 0.5999850001874985
83 498 0.4386148844527566 1 0 0.4953715651689954 0.5999850001874985
84 504 0.3290987196715173 1 0 0.4953715651689954 0.5999850001874985
85 510 0.24722762355315311 1 0 0.4953715651689954 0.5999850001874985
86 516 0.19712024605549566 1 0 0.4953715651689954 0.5999850001874985
87 522 0.17133966405228127 1 0 0.4953715651689954 0.5999850001874985
88 528 0.15053708170448643 1 0 0.4953715651689954 0.5999850001874985
89 534 0.17845200878424067 1 0 0.4953715651689954 0.5999850001874985
90 540 0.2042334602144316 1 0 0.4953715651689954 0.5999850001874985
91 546 0.19510046227336308 1 0 0.4953715651689954 0.5999850001874985
92 552 0.18537709542244357 1 0 0.4953715651689954 0.5999850001874985
93 558 0.14208589535488608 1 0 0.4953715651689954 0.5999850001874985
94 564 0.15177726717052745 1 0 0.4953715651689954 0.5999850001874985
95 570 0.13639632736349072 1 0 0.4953715651689954 0.5999850001874985
96 576 0.12792365356161686 1 0 0.4953715651689954 0.5999850001874985
97 582 0.10078067447935551 1 0 0.4953715651689954 0.5999850001874985
98 588 0.07872019644845023 1 0 0.4953715651689954 0.5999850001874985
99 594 0.06840553545163111 1 0 0.4953715651689954 0.5999850001874985
100 600 0.06978096029174011 1 0 0.4953715651689954 0.5999850001874985
101 606 0.056186971224585644 1 0 0.4953715651689954 0.5999850001874985
102 612 0.052928851156730426 1 0 0.4953715651689954 0.5999850001874985
103 618 0.04685787141766682 1 0 0.4953715651689954 0.5999850001874985
104 624 0.05572012922835001 1 0 0.4953715651689954 0.5999850001874985
105 630 0.062171981863998096 1 0 0.4953715651689954 0.5999850001874985
106 636 0.053986661204275206 1 0 0.4953715651689954 0.5999850001874985
107 642 0.039402702977738395 1 0 0.4953715651689954 0.5999850001874985
108 648 0.03958307986274754 1 0 0.4953715651689954 0.5999850001874985
109 654 0.04603843203645322 1 0 0.4953715651689954 0.5999850001874985
110 660 0.0632559614917902 1 0 0.4953715651689954 0.5999850001874985
111 666 0.057213855451561775 1 0 0.4953715651689954 0.5999850001874985
112 672 0.050083323896078176 1 0 0.4953715651689954 0.5999850001874985
113 678 0.041220194107918155 1 0 0.4953715651689954 0.5999850001874985
114 684 0.03037238513340658 1 0 0.4953715651689954 0.5999850001874985
115 690 0.027262040414745066 1 0 0.4953715651689954 0.5999850001874985
116 696 0.02472294672020235 1 0 0.4953715651689954 0.5999850001874985
117 702 0.02234587174934325 1 0 0.4953715651689954 0.5999850001874985
118 708 0.01770005098089328 1 0 0.4953715651689954 0.5999850001874985
119 714 0.015465272577282817 1 0 0.4953715651689954 0.5999850001874985
120 720 0.015300409179634671 1 0 0.4953715651689954 0.5999850001874985
121 726 0.012402782191207166 1 0 0.4953715651689954 0.5999850001874985
122 732 0.010836902299271598 1 0 0.4953715651689954 0.5999850001874985
123 738 0.010460529419929258 1 0 0.4953715651689954 0.5999850001874985
124 744 0.009688231175902121 1 0 0.4953715651689954 0.5999850001874985
125 750 0.007940678918668696 1 0 0.4953715651689954 0.5999850001874985
126 756 0.007068356826568366 1 0 0.4953715651689954 0.5999850001874985
127 762 0.00686297350048133 1 0 0.4953715651689954 0.5999850001874985
128 768 0.007504335961883355 1 0 0.4953715651689954 0.5999850001874985
129 774 0.005505868529576011 1 0 0.4953715651689954 0.5999850001874985
130 780 0.004380331608031342 1 0 0.4953715651689954 0.5999850001874985
131 786 0.0038571453247012717 1 0 0.4953715651689954 0.5999850001874985
132 792 0.003870796405934414 1 0 0.4953715651689954 0.5999850001874985
133 798 0.003861264011519265 1 0 0.4953715651689954 0.5999850001874985
134 804 0.004105895761091207 1 0 0.4953715651689954 0.5999850001874985
135 810 0.0036043317500988555 1 0 0.4953715651689954 0.5999850001874985
136 816 0.0028714964675354508 1 0 0.4953715651689954 0.5999850001874985
137 822 0.0022203411942769576 1 0 0.4953715651689954 0.5999850001874985
138 828 0.001719530322675645 1 0 0.4953715651689954 0.5999850001874985
139 834 0.001507051768950186 1 0 0.4953715651689954 0.5999850001874985
140 840 0.0013961160553894064 1 0 0.4953715651689954 0.5999850001874985
141 846 0.0013477316573576893 1 0 0.4953715651689954 0.5999850001874985
142 852 0.0013317294364306696 1 0 0.4953715651689954 0.5999850001874985
143 858 0.0010742239141909489 1 0 0.4953715651689954 0.5999850001874985
144 864 0.00089502458959399 1 0 0.4953715651689954 0.5999850001874985
145 870 0.0008735166596374373 1 0 0.4953715651689954 0.5999850001874985
145 870 0.0008735166596374373 1 0 0.4953715651689954 0.5999850001874985
