% # columns="iteration, evaluation, void, void, void, xmean", seed=294408, Wed Jul 23 07:30:02 2025, <python>{}</python> # scaling_of_variables: 1, typical_x: 0
1 6 0 0 0 -0.47724281092044185 0.2793546893798504
2 12 0 0 0 -0.433184987665978 0.2202662069296321
3 18 0 0 0 0.3916887167907122 0.20625226344149764
4 24 0 0 0 0.41693169590890716 0.17431626904804534
5 30 0 0 0 -0.15121647010693842 0.014681328111558884
6 36 0 0 0 -0.27655416885125245 0.14753253556317056
7 42 0 0 0 -0.17112610328740835 0.14547769839155517
8 48 0 0 0 -0.14123908987727857 0.0983075928436885
9 54 0 0 0 -0.11899835319396318 0.0779036148909855
10 60 0 0 0 -0.021317285741648276 0.0041947798141497745
11 66 0 0 0 0.17854519474563554 0.04097404672214699
12 72 0 0 0 0.2058562603473857 0.049197149379829316
13 78 0 0 0 0.22223953400557825 -0.004172588114353224
14 84 0 0 0 0.1850199375511819 0.012204586766514683
15 90 0 0 0 0.25423288476393713 0.05623501840473565
16 96 0 0 0 0.22541450178948025 0.03484497833754881
17 102 0 0 0 0.29223557518172166 0.07277603026248773
18 108 0 0 0 0.33121108342267014 0.09047599629870816
19 114 0 0 0 0.3694766426841785 0.11702318192081818
20 120 0 0 0 0.36884552640175367 0.13631228547521335
21 126 0 0 0 0.38469058622265623 0.16068818139908622
22 132 0 0 0 0.42020350393964556 0.16509227539856955
23 138 0 0 0 0.43648279922454064 0.18179204805894247
24 144 0 0 0 0.4782697013844488 0.2174347461610777
25 150 0 0 0 0.4905480464546625 0.24069817220788264
26 156 0 0 0 0.49867937757367575 0.24892432844533932
27 162 0 0 0 0.5297044903663899 0.2785709800078547
28 168 0 0 0 0.6091826875166992 0.36085171760595736
29 174 0 0 0 0.6070371105062872 0.3596552198929498
30 180 0 0 0 0.6108518767873752 0.36309072858158764
31 186 0 0 0 0.661418593305048 0.42950698758793254
32 192 0 0 0 0.7079916259764047 0.49790383627928303
33 198 0 0 0 0.8056566053896016 0.6169880041372873
34 204 0 0 0 0.8492436874385556 0.6374533374647927
35 210 0 0 0 0.7210541594828364 0.4926290091850149
36 216 0 0 0 0.7624716330537771 0.5538067769639463
37 222 0 0 0 0.8168006513479317 0.6187687428350231
38 228 0 0 0 0.7893330726366647 0.592913388265578
39 234 0 0 0 0.7722142229312827 0.5744751602897065
40 240 0 0 0 0.7393565420112702 0.5378253054902646
41 246 0 0 0 0.7450005119450279 0.5533311895215521
42 252 0 0 0 0.7768134089446299 0.5935486185026702
43 258 0 0 0 0.7946039291000886 0.6120181865888259
44 264 0 0 0 0.8159259859744494 0.6336196937169484
45 270 0 0 0 0.7973856567929337 0.6184552407573208
46 276 0 0 0 0.7968063786235028 0.6189206054342002
47 282 0 0 0 0.7986245774936717 0.6173982601293292
48 288 0 0 0 0.8042200957435461 0.6221799918439375
49 294 0 0 0 0.8141528189536764 0.634034445571594
50 300 0 0 0 0.801674788354401 0.6193026874461852
51 306 0 0 0 0.8068197527496828 0.6241500599127546
52 312 0 0 0 0.8132080601342906 0.6301800966733647
53 318 0 0 0 0.8146560976658788 0.6310209814823194
54 324 0 0 0 0.8161722382672616 0.6298737902316225
55 330 0 0 0 0.8229146568907997 0.6329692253855081
56 336 0 0 0 0.8248191517041625 0.6360651366972907
57 342 0 0 0 0.8190409397348868 0.6331878122127398
58 348 0 0 0 0.8117181932959189 0.629054884019181
59 354 0 0 0 0.8089055353639434 0.6269763649660669
60 360 0 0 0 0.8214298870031213 0.6361620579438911
61 366 0 0 0 0.8237535465183714 0.6378680065698175
62 372 0 0 0 0.825499828916882 0.6364194005829868
63 378 0 0 0 0.8304574333986079 0.6377571049979935
64 384 0 0 0 0.8243072056076698 0.6343687353494873
65 390 0 0 0 0.824132161797371 0.6330682031428831
66 396 0 0 0 0.8241985718947349 0.6345270037926395
67 402 0 0 0 0.8244905336482775 0.6355518561661269
68 408 0 0 0 0.8246965074426995 0.6360417194936473
69 414 0 0 0 0.8262531118545076 0.6370583099563968
70 420 0 0 0 0.8276086535233743 0.6373252348021397
71 426 0 0 0 0.8305152933131564 0.6383821476539571
72 432 0 0 0 0.8303069994492275 0.6372600499640004
73 438 0 0 0 0.8305116508176714 0.6363259767959762
74 444 0 0 0 0.8366232641749209 0.6377780878924084
75 450 0 0 0 0.8422464946233662 0.640008277559956
76 456 0 0 0 0.8488591255358079 0.6408782255627063
77 462 0 0 0 0.8390763828140508 0.6383839851698446
78 468 0 0 0 0.8438624457658271 0.6401781223643578
79 474 0 0 0 0.8467380746579442 0.6403498260894374
80 480 0 0 0 0.8452103546163612 0.6405709982795091
81 486 0 0 0 0.8456322206741282 0.6399625018959395
82 492 0 0 0 0.8481021870858776 0.6399420614995497
83 498 0 0 0 0.8496869701128031 0.6400411933660912
84 504 0 0 0 0.8480797994375847 0.639963442341595
85 510 0 0 0 0.8481386405454904 0.6398941474584834
86 516 0 0 0 0.84854593202868 0.6400446727843356
87 522 0 0 0 0.8484500099585082 0.6398460023273075
88 528 0 0 0 0.8488786771203343 0.6399021245324619
89 534 0 0 0 0.8495241757510864 0.6399429369605036
90 540 0 0 0 0.8501299237548796 0.6399920898061504
91 546 0 0 0 0.8503829645493506 0.6399775186522302
92 552 0 0 0 0.8508338607037232 0.6399991193274751
93 558 0 0 0 0.8507615060887666 0.6400152071369128
94 564 0 0 0 0.8502099549640894 0.6400324126596822
95 570 0 0 0 0.8500251308917235 0.6399843752476646
96 576 0 0 0 0.8500635341918192 0.6400332912711016
97 582 0 0 0 0.849949227931189 0.6400101371355906
98 588 0 0 0 0.849893855648211 0.640008507818948
99 594 0 0 0 0.8500181128475142 0.6400012747061828
100 600 0 0 0 0.8500010769739341 0.63998307611391
101 606 0 0 0 0.8499387999035752 0.6399895385531047
102 612 0 0 0 0.8499862307307762 0.6400024025023557
103 618 0 0 0 0.8499178483529516 0.6399941328854658
104 624 0 0 0 0.8500169962021005 0.6400090441921115
105 630 0 0 0 0.8499562094854035 0.6400180171020851
106 636 0 0 0 0.8499063665448598 0.640007723307231
107 642 0 0 0 0.8499202909578948 0.6400067077768253
108 648 0 0 0 0.8499460719984183 0.6400021212764351
109 654 0 0 0 0.8499675727736176 0.6399955224023044
110 660 0 0 0 0.8500407999482252 0.6400026352745746
111 666 0 0 0 0.8499958414840848 0.640009321846607
112 672 0 0 0 0.8499902604303147 0.6399989590329223
113 678 0 0 0 0.8499801308086038 0.6399967757158153
114 684 0 0 0 0.849988862996443 0.6399981676093026
115 690 0 0 0 0.8499908480430066 0.6400014816186423
116 696 0 0 0 0.8499990602414298 0.6399983624585324
117 702 0 0 0 0.8499850570154459 0.6400001275011649
118 708 0 0 0 0.8499886563759662 0.6400005880620421
119 714 0 0 0 0.8499952456779988 0.640000014188884
120 720 0 0 0 0.8500008295573415 0.6400007897653347
121 726 0 0 0 0.8500011665739722 0.6400007249306016
122 732 0 0 0 0.8500018108647293 0.6400002199126817
123 738 0 0 0 0.850001642264713 0.6399997727427984
124 744 0 0 0 0.8500007748807276 0.639999502278323
125 750 0 0 0 0.8500004192654239 0.6399994363020629
126 756 0 0 0 0.8499999838562246 0.6399997741810788
127 762 0 0 0 0.849999117771977 0.6399999382452266
128 768 0 0 0 0.8500009412614211 0.640000185858286
129 774 0 0 0 0.8500005348238677 0.6400000014338699
130 780 0 0 0 0.8500003161478759 0.6399999126910366
131 786 0 0 0 0.849999803984036 0.6399999658584962
132 792 0 0 0 0.84999935614186 0.6400000234200186
133 798 0 0 0 0.8500002738575004 0.6400000591994006
134 804 0 0 0 0.8500008441081577 0.6399999763816164
135 810 0 0 0 0.8500000340830571 0.6399999497260394
136 816 0 0 0 0.8499999875539236 0.6399999905545853
137 822 0 0 0 0.8499999852956444 0.6400000015452859
138 828 0 0 0 0.8500001036616224 0.640000003153864
139 834 0 0 0 0.8499999521426389 0.6400000109172211
140 840 0 0 0 0.8499998591526542 0.6400000017426491
141 846 0 0 0 0.849999928170921 0.6399999816799933
142 852 0 0 0 0.850000042291731 0.6399999890208443
143 858 0 0 0 0.8500000101822175 0.6399999967014152
144 864 0 0 0 0.8499999537000906 0.6399999932631669
145 870 0 0 0 0.8500000270958583 0.6399999997464507
145 870 0 0 0 0.8500000270958583 0.6399999997464507
