% # columns="iter, evals, sigma, 0, fitness, xbest" seed=294408, Wed Jul 23 07:30:02 2025, <python>{}</python>
1 6 0.9809416647213491 0 6.527731833106787 -0.6506785010491335 0.22836988856481516
2 12 0.760872453402254 0 2.143080150658684 -0.34875545270908315 0.06471473705789754
3 18 1.1360129211941108 0 0.2046277172953217 0.54776073627307 0.2990056502833947
4 24 1.1019406277664323 0 0.4037813470312487 0.46322066562877445 0.24858063329638072
5 30 1.0898766559282755 0 1.4672545411823075 -0.11788599921523918 0.060543162657024724
6 36 0.9395436200088596 0 2.350677371962294 -0.27991800777209974 0.16276305181642264
7 42 0.6664969765975363 0 0.8766399848509491 0.09944028857443787 -0.015730409425742137
8 48 0.510673243077805 0 1.4536050618584313 -0.0093969822598087 -0.06584520823890522
9 54 0.39399744727714875 0 1.573967527358433 -0.06757716448913217 0.07046405741953898
10 60 0.39913739057702224 0 1.5198396481350156 -0.05814872758540189 -0.059876999124395716
11 66 0.6113061571312637 0 0.6235022972006097 0.2151457801134975 0.05495151113458742
12 72 0.633212095671753 0 0.7120486307649335 0.20569061225048726 0.07079041641216473
13 78 0.5293732432897154 0 0.7911644115143601 0.2854104242189633 0.028494390891802408
14 84 0.37498680348041935 0 0.6845290458286373 0.1869949864220345 0.01962049869697343
15 90 0.41791942178920144 0 0.5298914056761331 0.2809491385517963 0.06759343069979319
16 96 0.30059354008610834 0 0.6998561496463327 0.1742568264045361 0.01694740856798909
17 102 0.3496095135706675 0 0.4931055542471852 0.3112748383042887 0.08319413976166637
18 108 0.3618724573089787 0 0.48067872307216886 0.3402157149290356 0.09444804252645961
19 114 0.3771450810860225 0 0.4265407216189247 0.3818434590288025 0.12472761234090371
20 120 0.36851666095726643 0 0.39172377708706413 0.3777710486938396 0.14945997200520644
21 126 0.3637709341696044 0 0.4012597794087368 0.4092511767374737 0.19035038518267938
22 132 0.33525724027402226 0 0.3569236638190752 0.4337080945386408 0.16906665557709355
23 138 0.2972310996553611 0 0.3271913027230561 0.4387253968800852 0.1814517724658917
24 144 0.3389596046511996 0 0.2839035704509954 0.48292697974484383 0.2203580392441536
25 150 0.3621941781190621 0 0.24837745351252333 0.5071499201614237 0.26460121200131
26 156 0.320266460327409 0 0.22509581490675157 0.5255673267831659 0.276528480282163
27 162 0.32454017825725684 0 0.2169788447418514 0.536212941024612 0.2831879502079706
28 168 0.5796123880051113 0 0.17563087985507303 0.627749925802273 0.37481879740254753
29 174 0.5996882576535487 0 0.1587764188642793 0.6495440717827812 0.40294515395958447
30 180 0.5012202860767385 0 0.1727249477579986 0.6343011500610313 0.38259224084993937
31 186 0.5991195253579527 0 0.1169388599769089 0.6603142414058645 0.4320747890479943
32 192 0.784926592525933 0 0.08363874391138987 0.7122569940846768 0.5044070849441855
33 198 1.0183974065272086 0 0.04954801311897408 0.7969571677975645 0.6442630194556653
34 204 1.1144288950501355 0 0.06872839353745 0.7971083450620046 0.651983933466664
35 210 0.9279233548699852 0 0.14104457438515994 0.7950022718184433 0.6005610883305126
36 216 0.7492049499286372 0 0.07699075690240145 0.7999591627647655 0.6591633958875347
37 222 0.6733515499075071 0 0.040795833974903266 0.7980430735502937 0.6371766194827007
38 228 0.590803181091632 0 0.05206254114056697 0.7832366582794366 0.6063349208937608
39 234 0.507363228341518 0 0.0764923125770115 0.7622092013658436 0.5668391813408812
40 240 0.5185694219756694 0 0.07271287038113043 0.742945709569075 0.5438221858558138
41 246 0.5539377802895544 0 0.06446537739570944 0.7466723669685709 0.5592239936786817
42 252 0.5514684680062354 0 0.04799769188609924 0.7865389276089989 0.62357507917325
43 258 0.49383763546966586 0 0.04647820301582218 0.7882964409503281 0.6173372070169562
44 264 0.48961698959185457 0 0.043057180613364304 0.7958230673281914 0.6370343014886986
45 270 0.4397897513029569 0 0.05019917053569713 0.7765824481759716 0.6013957571186934
46 276 0.36400766121058825 0 0.04652500268947818 0.7880102257844372 0.6249417466589161
47 282 0.30684354572086536 0 0.04552439230248111 0.7880237195749324 0.6185514673062983
48 288 0.2765724649921767 0 0.045131820084245954 0.7879919001987394 0.6222891217509379
49 294 0.28253720004590094 0 0.044597047150248516 0.7946981371185998 0.636493050165492
50 300 0.25601618763499734 0 0.04466715191298672 0.7895858445133235 0.6214632946104139
51 306 0.21461294805858677 0 0.04334816161378128 0.7918272790966263 0.6273408665967407
52 312 0.2108744081887472 0 0.04372051689745585 0.794781265044058 0.6356844873849917
53 318 0.19738560000155755 0 0.04264392967071994 0.7953831720355403 0.6354198586922352
54 324 0.3353515560726564 0 0.04236404797535838 0.7946265817885232 0.6300682938236226
55 330 0.5776145611320577 0 0.04184307043715232 0.7970482397376237 0.632729231759589
56 336 0.551629406536456 0 0.04160420317672915 0.79682184567069 0.6367218307972937
57 342 0.4229062812039258 0 0.04220492648180079 0.7946081041758559 0.631839024479877
58 348 0.43408255695209375 0 0.04368204579557858 0.7911862126803553 0.625087659055103
59 354 0.3889099269691394 0 0.04317170112310171 0.7922898485610383 0.6271922228497253
60 360 0.4327789000217122 0 0.04255522192972437 0.7967146387589502 0.6382617558261453
61 366 0.39731524942208757 0 0.04264059213644383 0.7972883103503116 0.6396038283633443
62 372 0.4441584813089966 0 0.041486506396023984 0.7963515165017865 0.634547242409389
63 378 0.5271435579947851 0 0.0407942712767093 0.7982827386721539 0.6382771809443765
64 384 0.43831999375381925 0 0.04162810103380384 0.7960209531723111 0.6341037749782868
65 390 0.3938560518694598 0 0.0414935012355744 0.7966914909667179 0.6334557795989623
66 396 0.3142161077255667 0 0.04133740509435345 0.7966895444839724 0.634563771916473
67 402 0.2877559390775139 0 0.041308889669203236 0.7968151799814087 0.6354126135777628
68 408 0.25134922433337775 0 0.04141244303964162 0.797142350275378 0.6370521474656914
69 414 0.23104785347318235 0 0.04125176942346886 0.7975796086143274 0.6377998291334833
70 420 0.22960632047176982 0 0.04114996962113948 0.7975664286751402 0.6374184195482906
71 426 0.3078990760185297 0 0.040949763966312815 0.7983164077700894 0.6389628480571604
72 432 0.3748427304804617 0 0.04084570699017391 0.7979248620175154 0.6363472531301033
73 438 0.43731100550160273 0 0.04082746600236978 0.7982071249639359 0.6360997153768715
74 444 0.6079748596745509 0 0.040366687257246923 0.7991327209408454 0.6381769467552344
75 450 0.7110042687650797 0 0.04011618581839966 0.7997581397874577 0.6400533461341572
76 456 0.8300054594938724 0 0.040038453286150626 0.7999988760296397 0.6406146730328013
77 462 0.6734008201927106 0 0.04019661082805015 0.7995161360791501 0.6390577920691595
78 468 0.5694439342543047 0 0.04010093431933397 0.7997615610254147 0.6398531152824166
79 474 0.49740281918162876 0 0.0400669257734726 0.7999841371219836 0.6407529535766517
80 480 0.404502352524221 0 0.040064830089413035 0.7998930676184175 0.6402984481348064
81 486 0.3660816353617399 0 0.04003846555580857 0.7999042772275403 0.6398059523631594
82 492 0.424726316145779 0 0.04001014670552725 0.7999930458020187 0.6397174884024982
83 498 0.4386148844527566 0 0.04000224039926858 0.7999994474728234 0.640141221132402
84 504 0.3290987196715173 0 0.040037831657364624 0.7999350085177098 0.6402399777416892
85 510 0.24722762355315311 0 0.04000604063224697 0.7999889538635105 0.6398549663556893
86 516 0.19712024605549566 0 0.04000383847726449 0.799991592776299 0.6400555062608889
87 522 0.17133966405228127 0 0.04000612656802004 0.7999920726382472 0.6398153988481612
88 528 0.15053708170448643 0 0.040002330883013845 0.7999943920367613 0.6399614188000834
89 534 0.17845200878424067 0 0.040000801815377726 0.7999986592786146 0.6399463257270742
90 540 0.2042334602144316 0 0.040000104889619865 0.7999998165092503 0.639981960066948
91 546 0.19510046227336308 0 0.04000016253176207 0.7999998828295304 0.639965803181415
92 552 0.18537709542244357 0 0.04000138363754445 0.7999966225582925 0.6400126652646836
93 558 0.14208589535488608 0 0.0400014857244463 0.7999963233216181 0.6400063809228339
94 564 0.15177726717052745 0 0.040000172932499384 0.7999999911522051 0.6400411432707258
95 570 0.13639632736349072 0 0.04000002837979027 0.799999969696857 0.6399872006200331
96 576 0.12792365356161686 0 0.04000022457291976 0.7999998408798484 0.640039860845436
97 582 0.10078067447935551 0 0.04000000359847808 0.7999999955884638 0.6400042753048817
98 588 0.07872019644845023 0 0.040000035887511234 0.7999999703921793 0.6400154588785089
99 594 0.06840553545163111 0 0.04000002712782659 0.7999999444612563 0.6400069199367947
100 600 0.06978096029174011 0 0.04000002981749163 0.7999999988859686 0.6399828599915397
101 606 0.056186971224585644 0 0.040000021934620975 0.799999988140712 0.6399868696157386
102 612 0.052928851156730426 0 0.040000010416078605 0.7999999969880249 0.6400095927266523
103 618 0.04685787141766682 0 0.04000001730093563 0.7999999624257961 0.6399951741151809
104 624 0.05572012922835001 0 0.040000009025399644 0.799999995587383 0.6400085137102113
105 630 0.062171981863998096 0 0.04000004487445286 0.7999999890191231 0.640020102595102
106 636 0.053986661204275206 0 0.04000002221002618 0.7999999590255287 0.6400075634879525
107 642 0.039402702977738395 0 0.04000001663597682 0.799999979536322 0.6400091599210513
108 648 0.03958307986274754 0 0.040000007009140574 0.7999999910033944 0.6400058255525517
109 654 0.04603843203645322 0 0.04000000586892229 0.7999999991541642 0.6399925618543606
110 660 0.0632559614917902 0 0.040000005585278296 0.7999999868428396 0.6400017745374353
111 666 0.057213855451561775 0 0.04000001186421272 0.7999999964035572 0.6400102048458692
112 672 0.050083323896078176 0 0.040000000543342705 0.7999999992554266 0.6399984319220786
113 678 0.041220194107918155 0 0.04000000227664679 0.7999999960357151 0.6399973650970281
114 684 0.03037238513340658 0 0.04000000038358657 0.7999999991311875 0.6399993980971459
115 690 0.027262040414745066 0 0.04000000040221655 0.7999999995550849 0.6400014967878168
116 696 0.02472294672020235 0 0.04000000039336794 0.7999999999602965 0.6399980570352161
117 702 0.02234587174934325 0 0.0400000003079608 0.7999999995629509 0.640001153168742
118 708 0.01770005098089328 0 0.04000000030571154 0.7999999992461532 0.6399997945193213
119 714 0.015465272577282817 0 0.0400000000380979 0.799999999904858 0.6400000201246623
120 720 0.015300409179634671 0 0.04000000009958831 0.7999999999062772 0.6400007878805686
121 726 0.012402782191207166 0 0.04000000008640514 0.7999999999669285 0.6400008553799511
122 732 0.010836902299271598 0 0.040000000012853344 0.7999999999678935 0.6400000103158192
123 738 0.010460529419929258 0 0.04000000000372037 0.7999999999998941 0.6399998082180557
124 744 0.009688231175902121 0 0.04000000003877418 0.7999999999903454 0.6399994091178334
125 750 0.007940678918668696 0 0.0400000000465718 0.7999999999913865 0.6399993432792748
126 756 0.007068356826568366 0 0.04000000000665482 0.7999999999940415 0.6399997933164295
127 762 0.00686297350048133 0 0.040000000008802515 0.7999999999850513 0.6399998319568017
128 768 0.007504335961883355 0 0.04000000000672705 0.799999999997628 0.6400002403766409
129 774 0.005505868529576011 0 0.04000000000033212 0.799999999999791 0.6399999501487478
130 780 0.004380331608031342 0 0.04000000000105545 0.7999999999986099 0.6399999293280664
131 786 0.0038571453247012717 0 0.04000000000041684 0.7999999999999772 0.6399999361478103
132 792 0.003870796405934414 0 0.040000000001360884 0.7999999999988541 0.6400000949988752
133 798 0.003861264011519265 0 0.040000000001230426 0.799999999999993 0.6400001107991622
134 804 0.004105895761091207 0 0.040000000001494354 0.7999999999963702 0.6399999793967045
135 810 0.0036043317500988555 0 0.04000000000044931 0.7999999999993526 0.639999956371918
136 816 0.0028714964675354508 0 0.04000000000001523 0.7999999999999632 0.6400000022580494
137 822 0.0022203411942769576 0 0.0400000000000478 0.7999999999999592 0.639999982258753
138 828 0.001719530322675645 0 0.04000000000014411 0.7999999999997098 0.639999983254003
139 834 0.001507051768950186 0 0.04000000000000726 0.7999999999999999 0.6400000085020264
140 840 0.0013961160553894064 0 0.040000000000053625 0.799999999999884 0.6400000085069184
141 846 0.0013477316573576893 0 0.04000000000004419 0.7999999999999962 0.639999979347353
142 852 0.0013317294364306696 0 0.04000000000003079 0.7999999999999298 0.6399999948109139
143 858 0.0010742239141909489 0 0.040000000000000466 0.8 0.6399999977933123
144 864 0.00089502458959399 0 0.040000000000012706 0.7999999999999912 0.6399999904225444
145 870 0.0008735166596374373 0 0.04000000000000032 0.8 0.6400000018426337
145 870 0.0008735166596374373 0 0.04000000000000032 0.8 0.6400000018426337
