% # columns="iter, evals, sigma, 0, fitness, xbest" seed=540996, Thu Jan 15 00:53:02 2026, <python>{}</python>
1 6 0.8633859237765813 0 7.263618121254797 -0.43675954541334244 -0.03726171544245093
2 12 0.7315681203910304 0 2.400863441449652 -0.29643046131156914 0.17273158051933393
3 18 0.5642322702026066 0 3.5732154264013456 -0.120384953152823 -0.13775571372250675
4 24 0.536277919493845 0 1.4928950613079084 0.02031052751768403 0.07342646132066952
5 30 0.49090290216171156 0 1.5409607384596216 0.29302468132866866 -0.016173129433321526
6 36 0.3612025804073802 0 0.8172569122452338 0.15485332184561068 0.05607067227823336
7 42 0.296358940797417 0 0.8224827990724815 0.1120685884004138 0.03101488458317167
8 48 0.22489820002103084 0 0.7947551508284897 0.1531634625106668 0.05131995606857041
9 54 0.24860436689095522 0 0.5758360305982336 0.2500504452951999 0.07410611289418627
10 60 0.2696500654504943 0 0.4658872178303106 0.31964506552520877 0.0966917445419425
11 66 0.2847281206743543 0 0.4162784388991371 0.3552420978290827 0.12381853160669648
12 72 0.3142623444612027 0 0.31127756796135875 0.4423529751268843 0.19392297574358777
13 78 0.3347147193815915 0 0.25051308967973385 0.499522660279543 0.24892688388722872
14 84 0.2607533946954461 0 0.3328685557400213 0.4243442631163618 0.1762092606510515
15 90 0.24657354125309053 0 0.3156381182266213 0.5272017025636433 0.2475936717999871
16 96 0.2189428828744695 0 0.2900513517691383 0.5220345332074371 0.24770063317429258
17 102 0.3702216956391582 0 0.17240546093426787 0.6037579546582188 0.3521149199158745
18 108 0.3098372731077029 0 0.2570937927262805 0.5031895309172367 0.24306404887269947
19 114 0.22621461788671146 0 0.27705668617379636 0.478173934999955 0.23554541476693894
20 120 0.27917888732308216 0 0.1924181377133548 0.5645460167168228 0.32400178546206826
21 126 0.27605203838608794 0 0.17367385399817106 0.5838079816177565 0.3386915308308302
22 132 0.2847856138111953 0 0.1481146818534223 0.6151636586671575 0.37803044510665673
23 138 0.23120831834710676 0 0.14857973665618968 0.6176095853014183 0.38629681087409257
24 144 0.24278440367835286 0 0.12479874656244333 0.6597382174111305 0.42575679690680956
25 150 0.2269724721002115 0 0.12843699285802077 0.6416310210982171 0.4113959556373615
26 156 0.2462435500121323 0 0.1008268166547104 0.6889556580102272 0.46827379349779646
27 162 0.26552853986786346 0 0.098003343127085 0.6875908687306261 0.47077153157818463
28 168 0.2784064713581557 0 0.08152043381576704 0.7271071403157401 0.5202884127605096
29 174 0.4511125062412176 0 0.05478982066277608 0.7663247316202962 0.5858909145416586
30 180 0.4619453763853794 0 0.061560628175666064 0.7521909701530998 0.5670213486739164
31 186 0.4454822942888566 0 0.049708512914030875 0.7966846445533575 0.6438559469824046
32 192 0.38138952631966283 0 0.04317542922590751 0.7925128717204315 0.6269607628507501
33 198 0.2774644804961047 0 0.044290253308244966 0.789770011636387 0.6227691729551785
34 204 0.23179230509001375 0 0.04529621158462108 0.7912584082401407 0.6302409641940356
35 210 0.24821274429251758 0 0.042133940513795314 0.7963524173845025 0.6367493363716131
36 216 0.21547543389777205 0 0.04636910409722967 0.7891339838001937 0.6183682407848959
37 222 0.16270491439305956 0 0.04390583721963095 0.7935490829875348 0.6261370533572675
38 228 0.13260040545704876 0 0.04231556000383689 0.7942931240597096 0.6309506785079091
39 234 0.13400915232526578 0 0.04226516940802049 0.794726611679386 0.6304589923520889
40 240 0.10851153241039274 0 0.04205728940538285 0.794936263783394 0.6321717258545145
41 246 0.091687269528523 0 0.04188076616483476 0.795402519086272 0.6331194466726464
42 252 0.11639035123549005 0 0.04152100291124891 0.7963785433099246 0.6349888835020705
43 258 0.12265691541361204 0 0.04153259389075613 0.7962188581377023 0.6337228068162271
44 264 0.11219948059716653 0 0.04138355135505529 0.7971629752576489 0.6370202366859242
45 270 0.10686422560599017 0 0.04115302381156657 0.7979345928647079 0.6384957076136305
46 276 0.13084646192172106 0 0.04085196900415709 0.7984402131801589 0.6390088437329358
47 282 0.12219881518330093 0 0.04089969323590368 0.7983055329853903 0.6387717078179598
48 288 0.09692360380051644 0 0.040870858564830796 0.7978481547962266 0.6367959865738281
49 294 0.11917993215583725 0 0.040732353523707826 0.7981774301756964 0.6370810187399709
50 300 0.11298038291835773 0 0.04064349769936035 0.7983978204974918 0.6374148064979066
51 306 0.10244610378410836 0 0.0406519653986443 0.7985644867707687 0.6385752936028873
52 312 0.109485154474935 0 0.04046265619050514 0.7990015941111993 0.6391928320092554
53 318 0.15551479548242114 0 0.04041511845274471 0.7994638782257798 0.640558057197774
54 324 0.136380340849123 0 0.040538959381614954 0.7992496094442622 0.6403434409448876
55 330 0.12293171928991906 0 0.040378627703741704 0.7995237373324747 0.6406089574858759
56 336 0.1698246726242313 0 0.04017198248128706 0.7995863277267109 0.6395901376448343
57 342 0.2130865140274237 0 0.04006721948534453 0.799834290702759 0.6396395874489221
58 348 0.25971903005772284 0 0.04006953185508552 0.7999723151432699 0.6391911322657078
59 354 0.3737501800695385 0 0.04026924437507191 0.7993462505453651 0.6386839249362125
60 360 0.3267510902214274 0 0.04002260902466491 0.7999955342324465 0.6404491737340507
61 366 0.27257490349309793 0 0.04016740311518922 0.7995883870283536 0.6395024768706751
62 372 0.2248839830369978 0 0.040065539497337536 0.7998569620469713 0.6394829956104203
63 378 0.19841467532304613 0 0.04012311024709133 0.7998405717874914 0.6405150931500418
64 384 0.143463142802248 0 0.04009533345082846 0.7997705951345269 0.639820591569695
65 390 0.18744137978354727 0 0.04000717461937882 0.799999785748162 0.6397334069652232
66 396 0.1544198629548331 0 0.04000397197753724 0.7999911086458033 0.640050222093259
67 402 0.14673277538653196 0 0.040001454263641094 0.7999999824181241 0.6401202727788217
68 408 0.14519387115711016 0 0.04000303391593512 0.7999967294743907 0.6401261328804327
69 414 0.11192072618942557 0 0.040000953888990394 0.7999990548459335 0.6400743709851081
70 420 0.07915837360701856 0 0.040001163787695686 0.7999996647725542 0.6401009376035505
71 426 0.06470376750051665 0 0.040001225009545054 0.7999969405244878 0.6399916263721858
72 432 0.052932385039859975 0 0.04000061138138802 0.7999997324920802 0.6400705915726242
73 438 0.04176945897119649 0 0.040000366932234944 0.7999998154998701 0.6400538464796062
74 444 0.03270163857155703 0 0.04000042439838964 0.7999998198945377 0.6400590714280139
75 450 0.03451181351961994 0 0.04000004190131848 0.7999999980048114 0.6399797228729491
76 456 0.025747802290750025 0 0.040000010980351754 0.7999999860239818 0.6399926360143783
77 462 0.021320006455920075 0 0.04000005858608515 0.7999999934177378 0.6400236438929574
78 468 0.02496390043982402 0 0.04000007660091972 0.7999998549583031 0.6399861355381007
79 474 0.02234483417016973 0 0.04000000491395202 0.7999999994599999 0.6400068532967618
80 480 0.016482832257994517 0 0.0400000115224823 0.79999997171058 0.640001392490419
81 486 0.013263064001940184 0 0.040000001194908985 0.7999999970491828 0.6400003771437749
82 492 0.011689307664712307 0 0.040000004382270124 0.7999999997753958 0.6399934479779
83 498 0.009656055744043662 0 0.04000000278192743 0.7999999962777385 0.6399963981817098
84 504 0.011035382834286395 0 0.04000000634592954 0.7999999841554796 0.6399996896730108
85 510 0.012144021519679324 0 0.04000000934614358 0.7999999766446524 0.6399997625316759
86 516 0.009553984475646064 0 0.040000002702444026 0.799999998806838 0.6399952809103929
87 522 0.008082593902948021 0 0.04000000029900872 0.7999999996200746 0.6399987867975221
88 528 0.006519849192493535 0 0.04000000000356611 0.7999999999926102 0.6399999218741198
89 534 0.004936381667814501 0 0.040000000066138984 0.7999999998946332 0.6400004896505188
90 540 0.0043053393764614385 0 0.04000000039505383 0.7999999998275318 0.6399981939927872
91 546 0.003337665786337311 0 0.04000000020196918 0.7999999995256378 0.6399996496081659
92 552 0.0032998161635704694 0 0.04000000001505811 0.7999999999684033 0.6399998444041575
93 558 0.002894968718849076 0 0.04000000002452979 0.7999999999420538 0.6399998836608386
94 564 0.002374125239988404 0 0.040000000009724965 0.7999999999982595 0.6399996995178786
95 570 0.001991393641478689 0 0.04000000002932239 0.7999999999599526 0.639999635197
96 576 0.0018210239575251288 0 0.0400000000114895 0.7999999999756421 0.6400001321098235
97 582 0.001865641302802262 0 0.040000000006362384 0.799999999994143 0.640000200479177
98 588 0.0013895240243550358 0 0.04000000000481757 0.79999999999481 0.6400001655680913
99 594 0.001117655625161216 0 0.04000000000005146 0.7999999999999372 0.6399999837710193
100 600 0.0008444132057509635 0 0.04000000000064413 0.7999999999985519 0.6400000254692517
101 606 0.0006506688445002618 0 0.040000000000682316 0.7999999999984228 0.6399999773224271
102 612 0.000567391137846951 0 0.040000000000015905 0.7999999999999949 0.6399999882210468
103 618 0.0006166010649257213 0 0.04000000000047348 0.7999999999988447 0.6399999893306337
104 624 0.0005677531117802544 0 0.04000000000019259 0.7999999999999847 0.6400000431829916
105 630 0.00045866582852822495 0 0.04000000000001402 0.7999999999999735 0.6399999941537619
106 636 0.0003989510564025956 0 0.04000000000024212 0.7999999999994003 0.6400000047330404
107 642 0.00030970433143871686 0 0.04000000000020534 0.7999999999997164 0.6400000303135591
108 648 0.00032263023135753585 0 0.04000000000008217 0.7999999999998216 0.6399999895953914
109 654 0.0003596475811553201 0 0.04000000000000547 0.8 0.6400000074095242
110 660 0.000324341070958359 0 0.040000000000001014 0.799999999999999 0.6400000025118099
111 666 0.00025856587888944076 0 0.04000000000000129 0.8 0.6399999963814222
112 672 0.00022139028437530848 0 0.04000000000001081 0.7999999999999906 0.6399999916009472
113 678 0.0002002143237688744 0 0.04000000000000204 0.8 0.6400000045398175
114 684 0.00016644516151523864 0 0.040000000000002256 0.7999999999999944 0.6399999997779544
115 690 0.00011923716431105009 0 0.04000000000000161 0.7999999999999988 0.6400000033685623
116 696 0.0001230415929480069 0 0.040000000000001 0.8 0.6399999968044123
116 696 0.0001230415929480069 0 0.040000000000001 0.8 0.6399999968044123
