% # columns="iteration, evaluation, min max(neg(.)) min(pos(.)) max correlation, correlation matrix principal axes lengths  (sorted square roots of eigenvalues of correlation matrix)", seed=885828, Sat Jul 11 02:31:18 2026
1 6 -0.10116268626609375 -0.10116268626609375 -0.10116268626609375 -0.10116268626609375 0.9480703105434249 1.0493629907072641
2 12 -0.2680576601291127 -0.2680576601291127 -0.2680576601291127 -0.2680576601291127 0.9480703105434249 1.0493629907072641
3 18 -0.28024982376732527 -0.28024982376732527 -0.28024982376732527 -0.28024982376732527 0.84838091458535 1.1314812520617943
4 24 -0.11687061691145836 -0.11687061691145836 -0.11687061691145836 -0.11687061691145836 0.84838091458535 1.1314812520617943
5 30 -0.1018110673860293 -0.1018110673860293 -0.1018110673860293 -0.1018110673860293 0.9477283010515043 1.0496718855842664
6 36 -0.00043266606430971885 -0.00043266606430971885 -0.00043266606430971885 -0.00043266606430971885 0.9477283010515043 1.0496718855842664
7 42 0.015318557622082644 0.015318557622082644 0.015318557622082644 0.015318557622082644 0.9923111620746374 1.0076301690710152
8 48 -0.014276358832164888 -0.014276358832164888 -0.014276358832164888 -0.014276358832164888 0.9923111620746374 1.0076301690710152
9 54 -0.02588687698501259 -0.02588687698501259 -0.02588687698501259 -0.02588687698501259 0.9869716931173799 1.0128607391862974
10 60 0.2549300881372307 0.2549300881372307 0.2549300881372307 0.2549300881372307 0.9869716931173799 1.0128607391862974
11 66 0.40299578318008183 0.40299578318008183 0.40299578318008183 0.40299578318008183 0.7726604796544975 1.1844812295600475
12 72 0.5257968510050222 0.5257968510050222 0.5257968510050222 0.5257968510050222 0.7726604796544975 1.1844812295600475
13 78 0.7428444408774304 0.7428444408774304 0.7428444408774304 0.7428444408774304 0.5071050770033462 1.3201683380832274
14 84 0.8391627129148438 0.8391627129148438 0.8391627129148438 0.8391627129148438 0.5071050770033462 1.3201683380832274
15 90 0.8637073411332025 0.8637073411332025 0.8637073411332025 0.8637073411332025 0.36917835644414165 1.3651766703006623
16 96 0.873573667288229 0.873573667288229 0.873573667288229 0.873573667288229 0.36917835644414165 1.3651766703006623
17 102 0.8677396649320379 0.8677396649320379 0.8677396649320379 0.8677396649320379 0.36367614036112117 1.3666527228714827
18 108 0.9315803809659261 0.9315803809659261 0.9315803809659261 0.9315803809659261 0.36367614036112117 1.3666527228714827
19 114 0.8957087044843414 0.8957087044843414 0.8957087044843414 0.8957087044843414 0.32294162865084236 1.376847378791252
20 120 0.9369836073585859 0.9369836073585859 0.9369836073585859 0.9369836073585859 0.32294162865084236 1.376847378791252
21 126 0.932031920088148 0.932031920088148 0.932031920088148 0.932031920088148 0.260706885048807 1.3899755106073444
22 132 0.9368439062345294 0.9368439062345294 0.9368439062345294 0.9368439062345294 0.260706885048807 1.3899755106073444
23 138 0.8950120951217247 0.8950120951217247 0.8950120951217247 0.8950120951217247 0.32401837120489846 1.3765943829326504
24 144 0.8995601988498421 0.8995601988498421 0.8995601988498421 0.8995601988498421 0.32401837120489846 1.3765943829326504
25 150 0.8698274816197669 0.8698274816197669 0.8698274816197669 0.8698274816197669 0.36079428817573206 1.367416352695757
26 156 0.9156888964485219 0.9156888964485219 0.9156888964485219 0.9156888964485219 0.36079428817573206 1.367416352695757
27 162 0.9317621624118371 0.9317621624118371 0.9317621624118371 0.9317621624118371 0.26122373090545 1.3898784703749594
28 168 0.9468819414746582 0.9468819414746582 0.9468819414746582 0.9468819414746582 0.26122373090545 1.3898784703749594
29 174 0.9492373113472655 0.9492373113472655 0.9492373113472655 0.9492373113472655 0.22530576702058552 1.396150891324883
30 180 0.9335542846984995 0.9335542846984995 0.9335542846984995 0.9335542846984995 0.22530576702058552 1.396150891324883
31 186 0.9398282053156921 0.9398282053156921 0.9398282053156921 0.9398282053156921 0.24529939805125492 1.3927771556554522
32 192 0.9254151288813026 0.9254151288813026 0.9254151288813026 0.9254151288813026 0.24529939805125492 1.3927771556554522
33 198 0.9156538665212921 0.9156538665212921 0.9156538665212921 0.9156538665212921 0.2904240580232772 1.384071481723864
34 204 0.9328271683922009 0.9328271683922009 0.9328271683922009 0.9328271683922009 0.2904240580232772 1.384071481723864
35 210 0.949088300982365 0.949088300982365 0.949088300982365 0.949088300982365 0.22563620945591795 1.3960975255985395
36 216 0.9596178499446196 0.9596178499446196 0.9596178499446196 0.9596178499446196 0.22563620945591795 1.3960975255985395
37 222 0.9722437820209393 0.9722437820209393 0.9722437820209393 0.9722437820209393 0.16660197471536972 1.4043659715405168
38 228 0.9751084385736285 0.9751084385736285 0.9751084385736285 0.9751084385736285 0.16660197471536972 1.4043659715405168
39 234 0.9858564969476217 0.9858564969476217 0.9858564969476217 0.9858564969476217 0.11892646069053903 1.4092042069720137
40 240 0.9793581260536628 0.9793581260536628 0.9793581260536628 0.9793581260536628 0.11892646069053903 1.4092042069720137
41 246 0.9873839099071355 0.9873839099071355 0.9873839099071355 0.9873839099071355 0.11232136970703535 1.4097460444729524
42 252 0.981846762463538 0.981846762463538 0.981846762463538 0.981846762463538 0.11232136970703535 1.4097460444729524
43 258 0.9844414534908625 0.9844414534908625 0.9844414534908625 0.9844414534908625 0.12473390280568232 1.408702045675686
44 264 0.977391499477985 0.977391499477985 0.977391499477985 0.977391499477985 0.12473390280568232 1.408702045675686
45 270 0.9794993696848753 0.9794993696848753 0.9794993696848753 0.9794993696848753 0.14318041177173915 1.4069468254645856
46 276 0.9727667936151064 0.9727667936151064 0.9727667936151064 0.9727667936151064 0.14318041177173915 1.4069468254645856
47 282 0.9485951535636254 0.9485951535636254 0.9485951535636254 0.9485951535636254 0.22672636908038446 1.3959208980324156
48 288 0.9374291624616724 0.9374291624616724 0.9374291624616724 0.9374291624616724 0.22672636908038446 1.3959208980324156
49 294 0.9484236495597438 0.9484236495597438 0.9484236495597438 0.9484236495597438 0.22710427217526374 1.3958594662643313
50 300 0.9474901222814514 0.9474901222814514 0.9474901222814514 0.9474901222814514 0.22710427217526374 1.3958594662643313
51 306 0.934064128208594 0.934064128208594 0.934064128208594 0.934064128208594 0.25677981188443527 1.390706341471338
52 312 0.8942227040930414 0.8942227040930414 0.8942227040930414 0.8942227040930414 0.25677981188443527 1.390706341471338
53 318 0.865024882107973 0.865024882107973 0.865024882107973 0.865024882107973 0.3673895995969767 1.3656591383313674
54 324 0.7657489069720287 0.7657489069720287 0.7657489069720287 0.7657489069720287 0.3673895995969767 1.3656591383313674
55 330 0.6820324646253538 0.6820324646253538 0.6820324646253538 0.6820324646253538 0.5638861014199997 1.2969319429427875
56 336 0.6166006418020478 0.6166006418020478 0.6166006418020478 0.6166006418020478 0.5638861014199997 1.2969319429427875
57 342 0.5786024456599735 0.5786024456599735 0.5786024456599735 0.5786024456599735 0.6491514109512715 1.2564244687445296
58 348 0.6451403989679754 0.6451403989679754 0.6451403989679754 0.6451403989679754 0.6491514109512715 1.2564244687445296
59 354 0.6753854748949953 0.6753854748949953 0.6753854748949953 0.6753854748949953 0.5697495283938413 1.2943668239316841
60 360 0.7007523115298355 0.7007523115298355 0.7007523115298355 0.7007523115298355 0.5697495283938413 1.2943668239316841
61 366 0.7173947486545627 0.7173947486545627 0.7173947486545627 0.7173947486545627 0.5316062935532622 1.3104940856999556
62 372 0.7446386726310313 0.7446386726310313 0.7446386726310313 0.7446386726310313 0.5316062935532622 1.3104940856999556
63 378 0.7594549599004028 0.7594549599004028 0.7594549599004028 0.7594549599004028 0.49045391230940066 1.3264444805194082
64 384 0.7309342122263308 0.7309342122263308 0.7309342122263308 0.7309342122263308 0.49045391230940066 1.3264444805194082
65 390 0.6499559093711917 0.6499559093711917 0.6499559093711917 0.6499559093711917 0.5916452405190195 1.2845060954978733
66 396 0.5186533538880457 0.5186533538880457 0.5186533538880457 0.5186533538880457 0.5916452405190195 1.2845060954978733
67 402 0.5413353741102528 0.5413353741102528 0.5413353741102528 0.5413353741102528 0.677247831956476 1.241505285574835
68 408 0.36622786576811117 0.36622786576811117 0.36622786576811117 0.36622786576811117 0.677247831956476 1.241505285574835
69 414 0.4065430161788599 0.4065430161788599 0.4065430161788599 0.4065430161788599 0.7703615929037093 1.1859776625969225
70 420 0.3608657745434636 0.3608657745434636 0.3608657745434636 0.3608657745434636 0.7703615929037093 1.1859776625969225
71 426 0.309035572287328 0.309035572287328 0.309035572287328 0.309035572287328 0.8312427008477562 1.1441309244519737
72 432 0.4324268904041584 0.4324268904041584 0.4324268904041584 0.4324268904041584 0.8312427008477562 1.1441309244519737
73 438 0.26610065706894986 0.26610065706894986 0.26610065706894986 0.26610065706894986 0.8566792532395366 1.1252113832826922
74 444 0.21683564794036742 0.21683564794036742 0.21683564794036742 0.21683564794036742 0.8566792532395366 1.1252113832826922
75 450 0.221210329040361 0.221210329040361 0.221210329040361 0.221210329040361 0.8824906067260087 1.1050838561124496
76 456 0.2645637623929232 0.2645637623929232 0.2645637623929232 0.2645637623929232 0.8824906067260087 1.1050838561124496
77 462 0.1427581585836771 0.1427581585836771 0.1427581585836771 0.1427581585836771 0.9258735558467599 1.0689986709924746
78 468 0.20493861813203057 0.20493861813203057 0.20493861813203057 0.20493861813203057 0.9258735558467599 1.0689986709924746
79 474 0.13152646600769952 0.13152646600769952 0.13152646600769952 0.13152646600769952 0.9319192743968228 1.0637323281764544
80 480 0.4334762919902959 0.4334762919902959 0.4334762919902959 0.4334762919902959 0.9319192743968228 1.0637323281764544
81 486 0.21839991188017938 0.21839991188017938 0.21839991188017938 0.21839991188017938 0.8840814940489484 1.103811538207578
82 492 0.3078987946365936 0.3078987946365936 0.3078987946365936 0.3078987946365936 0.8840814940489484 1.103811538207578
83 498 0.32754870716276385 0.32754870716276385 0.32754870716276385 0.32754870716276385 0.8200312755238279 1.1521929990946673
84 504 0.39069000539696747 0.39069000539696747 0.39069000539696747 0.39069000539696747 0.8200312755238279 1.1521929990946673
85 510 0.15075338775851072 0.15075338775851072 0.15075338775851072 0.15075338775851072 0.921545773275256 1.072731740818044
86 516 0.08128875043533107 0.08128875043533107 0.08128875043533107 0.08128875043533107 0.921545773275256 1.072731740818044
87 522 0.3140229163599599 0.3140229163599599 0.3140229163599599 0.3140229163599599 0.828237335333321 1.146308386238171
88 528 0.29796068218173255 0.29796068218173255 0.29796068218173255 0.29796068218173255 0.828237335333321 1.146308386238171
89 534 0.2852120612717615 0.2852120612717615 0.2852120612717615 0.2852120612717615 0.8454513225066471 1.1336719372339432
90 540 -0.005897063081504545 -0.005897063081504545 -0.005897063081504545 -0.005897063081504545 0.8454513225066471 1.1336719372339432
91 546 -0.3011239327941812 -0.3011239327941812 -0.3011239327941812 -0.3011239327941812 0.8359880783873769 1.1406681957493956
92 552 -0.2458071731840923 -0.2458071731840923 -0.2458071731840923 -0.2458071731840923 0.8359880783873769 1.1406681957493956
93 558 -0.3206834057262069 -0.3206834057262069 -0.3206834057262069 -0.3206834057262069 0.8242066453710459 1.1492099049896005
94 564 -0.3259709598625246 -0.3259709598625246 -0.3259709598625246 -0.3259709598625246 0.8242066453710459 1.1492099049896005
95 570 -0.41637435750622587 -0.41637435750622587 -0.41637435750622587 -0.41637435750622587 0.7639539531239916 1.1901152706802085
96 576 -0.4439221503643422 -0.4439221503643422 -0.4439221503643422 -0.4439221503643422 0.7639539531239916 1.1901152706802085
97 582 -0.27869093681899143 -0.27869093681899143 -0.27869093681899143 -0.27869093681899143 0.8492991600025334 1.1307921722487255
98 588 -0.22872850793520302 -0.22872850793520302 -0.22872850793520302 -0.22872850793520302 0.8492991600025334 1.1307921722487255
99 594 -0.09726523109870056 -0.09726523109870056 -0.09726523109870056 -0.09726523109870056 0.9501235545450389 1.0475042869118487
100 600 -0.2217439893559257 -0.2217439893559257 -0.2217439893559257 -0.2217439893559257 0.9501235545450389 1.0475042869118487
101 606 -0.21391569794074183 -0.21391569794074183 -0.21391569794074183 -0.21391569794074183 0.8866139532283812 1.1017784250659213
102 612 -0.02086903284807878 -0.02086903284807878 -0.02086903284807878 -0.02086903284807878 0.8866139532283812 1.1017784250659213
103 618 0.05000939315466417 0.05000939315466417 0.05000939315466417 0.05000939315466417 0.9746746158823139 1.0246996599758702
104 624 0.17125525630468 0.17125525630468 0.17125525630468 0.17125525630468 0.9746746158823139 1.0246996599758702
105 630 0.26041947584998154 0.26041947584998154 0.26041947584998154 0.26041947584998154 0.8599886767568621 1.1226840498777835
106 636 0.13487976199003943 0.13487976199003943 0.13487976199003943 0.13487976199003943 0.8599886767568621 1.1226840498777835
107 642 -0.09165093949455659 -0.09165093949455659 -0.09165093949455659 -0.09165093949455659 0.9530734811678707 1.0448210083524148
108 648 -0.2734498165026662 -0.2734498165026662 -0.2734498165026662 -0.2734498165026662 0.9530734811678707 1.0448210083524148
109 654 -0.33706711237419384 -0.33706711237419384 -0.33706711237419384 -0.33706711237419384 0.8142069071346707 1.1563161818353118
110 660 -0.13460804925558442 -0.13460804925558442 -0.13460804925558442 -0.13460804925558442 0.8142069071346707 1.1563161818353118
111 666 0.018896617514791648 0.018896617514791648 0.018896617514791648 0.018896617514791648 0.9905066291980124 1.0094040903002086
112 672 -0.1450538752400942 -0.1450538752400942 -0.1450538752400942 -0.1450538752400942 0.9905066291980124 1.0094040903002086
113 678 -0.15633433789879125 -0.15633433789879125 -0.15633433789879125 -0.15633433789879125 0.9185127446591087 1.0753298739916004
114 684 0.03950429248513756 0.03950429248513756 0.03950429248513756 0.03950429248513756 0.9185127446591087 1.0753298739916004
115 690 0.2238891021272042 0.2238891021272042 0.2238891021272042 0.2238891021272042 0.8809715647356592 1.106295214726704
116 696 0.032547252670016076 0.032547252670016076 0.032547252670016076 0.032547252670016076 0.8809715647356592 1.106295214726704
117 702 0.22301794924545698 0.22301794924545698 0.22301794924545698 0.22301794924545698 0.8814658534251585 1.1059014193161418
118 708 0.2234250403895408 0.2234250403895408 0.2234250403895408 0.2234250403895408 0.8814658534251585 1.1059014193161418
119 714 0.2092798465875952 0.2092798465875952 0.2092798465875952 0.2092798465875952 0.8892244673941474 1.0996726088193682
120 720 0.3106337880742146 0.3106337880742146 0.3106337880742146 0.3106337880742146 0.8892244673941474 1.0996726088193682
121 726 0.20543231140719567 0.20543231140719567 0.20543231140719567 0.20543231140719567 0.8913852638409523 1.0979218147970262
122 732 0.15834513469316586 0.15834513469316586 0.15834513469316586 0.15834513469316586 0.8913852638409523 1.0979218147970262
122 732 0.15834513469316586 0.15834513469316586 0.15834513469316586 0.15834513469316586 0.8913852638409523 1.0979218147970262
