% # columns="iteration, evaluation, min max(neg(.)) min(pos(.)) max correlation, correlation matrix principal axes lengths  (sorted square roots of eigenvalues of correlation matrix)", seed=885828, Sat Jul 11 02:31:18 2026
1 6 0.10116268626609373 0.10116268626609373 0.10116268626609373 0.10116268626609373 0.9480703105434248 1.0493629907072641
2 12 0.10116268626609373 0.10116268626609373 0.10116268626609373 0.10116268626609373 0.9480703105434248 1.0493629907072641
3 18 0.2802498237673252 0.2802498237673252 0.2802498237673252 0.2802498237673252 0.8483809145853499 1.131481252061794
4 24 0.2802498237673252 0.2802498237673252 0.2802498237673252 0.2802498237673252 0.8483809145853499 1.131481252061794
5 30 0.1018110673860293 0.1018110673860293 0.1018110673860293 0.1018110673860293 0.9477283010515044 1.0496718855842664
6 36 0.1018110673860293 0.1018110673860293 0.1018110673860293 0.1018110673860293 0.9477283010515044 1.0496718855842664
7 42 -0.01531855762208264 -0.01531855762208264 -0.01531855762208264 -0.01531855762208264 0.9923111620746373 1.007630169071015
8 48 -0.01531855762208264 -0.01531855762208264 -0.01531855762208264 -0.01531855762208264 0.9923111620746373 1.007630169071015
9 54 0.02588687698501258 0.02588687698501258 0.02588687698501258 0.02588687698501258 0.9869716931173798 1.0128607391862972
10 60 0.02588687698501258 0.02588687698501258 0.02588687698501258 0.02588687698501258 0.9869716931173798 1.0128607391862972
11 66 -0.4029957831800819 -0.4029957831800819 -0.4029957831800819 -0.4029957831800819 0.7726604796544976 1.1844812295600475
12 72 -0.4029957831800819 -0.4029957831800819 -0.4029957831800819 -0.4029957831800819 0.7726604796544976 1.1844812295600475
13 78 -0.7428444408774304 -0.7428444408774304 -0.7428444408774304 -0.7428444408774304 0.5071050770033464 1.3201683380832274
14 84 -0.7428444408774304 -0.7428444408774304 -0.7428444408774304 -0.7428444408774304 0.5071050770033464 1.3201683380832274
15 90 -0.8637073411332021 -0.8637073411332021 -0.8637073411332021 -0.8637073411332021 0.3691783564441419 1.3651766703006618
16 96 -0.8637073411332021 -0.8637073411332021 -0.8637073411332021 -0.8637073411332021 0.3691783564441419 1.3651766703006618
17 102 -0.867739664932038 -0.867739664932038 -0.867739664932038 -0.867739664932038 0.36367614036112117 1.3666527228714829
18 108 -0.867739664932038 -0.867739664932038 -0.867739664932038 -0.867739664932038 0.36367614036112117 1.3666527228714829
19 114 -0.8957087044843414 -0.8957087044843414 -0.8957087044843414 -0.8957087044843414 0.32294162865084236 1.376847378791252
20 120 -0.8957087044843414 -0.8957087044843414 -0.8957087044843414 -0.8957087044843414 0.32294162865084236 1.376847378791252
21 126 -0.9320319200881481 -0.9320319200881481 -0.9320319200881481 -0.9320319200881481 0.26070688504880724 1.3899755106073446
22 132 -0.9320319200881481 -0.9320319200881481 -0.9320319200881481 -0.9320319200881481 0.26070688504880724 1.3899755106073446
23 138 -0.8950120951217247 -0.8950120951217247 -0.8950120951217247 -0.8950120951217247 0.32401837120489846 1.3765943829326504
24 144 -0.8950120951217247 -0.8950120951217247 -0.8950120951217247 -0.8950120951217247 0.32401837120489846 1.3765943829326504
25 150 -0.8698274816197668 -0.8698274816197668 -0.8698274816197668 -0.8698274816197668 0.360794288175732 1.367416352695757
26 156 -0.8698274816197668 -0.8698274816197668 -0.8698274816197668 -0.8698274816197668 0.360794288175732 1.367416352695757
27 162 -0.9317621624118371 -0.9317621624118371 -0.9317621624118371 -0.9317621624118371 0.26122373090544976 1.3898784703749594
28 168 -0.9317621624118371 -0.9317621624118371 -0.9317621624118371 -0.9317621624118371 0.26122373090544976 1.3898784703749594
29 174 -0.9492373113472656 -0.9492373113472656 -0.9492373113472656 -0.9492373113472656 0.2253057670205854 1.3961508913248832
30 180 -0.9492373113472656 -0.9492373113472656 -0.9492373113472656 -0.9492373113472656 0.2253057670205854 1.3961508913248832
31 186 -0.9398282053156918 -0.9398282053156918 -0.9398282053156918 -0.9398282053156918 0.24529939805125503 1.3927771556554522
32 192 -0.9398282053156918 -0.9398282053156918 -0.9398282053156918 -0.9398282053156918 0.24529939805125503 1.3927771556554522
33 198 -0.915653866521292 -0.915653866521292 -0.915653866521292 -0.915653866521292 0.29042405802327753 1.3840714817238637
34 204 -0.915653866521292 -0.915653866521292 -0.915653866521292 -0.915653866521292 0.29042405802327753 1.3840714817238637
35 210 -0.949088300982365 -0.949088300982365 -0.949088300982365 -0.949088300982365 0.22563620945591795 1.3960975255985395
36 216 -0.949088300982365 -0.949088300982365 -0.949088300982365 -0.949088300982365 0.22563620945591795 1.3960975255985395
37 222 -0.9722437820209391 -0.9722437820209391 -0.9722437820209391 -0.9722437820209391 0.16660197471536972 1.4043659715405166
38 228 -0.9722437820209391 -0.9722437820209391 -0.9722437820209391 -0.9722437820209391 0.16660197471536972 1.4043659715405166
39 234 -0.9858564969476218 -0.9858564969476218 -0.9858564969476218 -0.9858564969476218 0.11892646069053857 1.4092042069720137
40 240 -0.9858564969476218 -0.9858564969476218 -0.9858564969476218 -0.9858564969476218 0.11892646069053857 1.4092042069720137
41 246 -0.9873839099071355 -0.9873839099071355 -0.9873839099071355 -0.9873839099071355 0.11232136970703535 1.4097460444729524
42 252 -0.9873839099071355 -0.9873839099071355 -0.9873839099071355 -0.9873839099071355 0.11232136970703535 1.4097460444729524
43 258 -0.9844414534908627 -0.9844414534908627 -0.9844414534908627 -0.9844414534908627 0.12473390280568232 1.408702045675686
44 264 -0.9844414534908627 -0.9844414534908627 -0.9844414534908627 -0.9844414534908627 0.12473390280568232 1.408702045675686
45 270 -0.9794993696848753 -0.9794993696848753 -0.9794993696848753 -0.9794993696848753 0.14318041177173876 1.4069468254645856
46 276 -0.9794993696848753 -0.9794993696848753 -0.9794993696848753 -0.9794993696848753 0.14318041177173876 1.4069468254645856
47 282 -0.9485951535636252 -0.9485951535636252 -0.9485951535636252 -0.9485951535636252 0.2267263690803847 1.3959208980324154
48 288 -0.9485951535636252 -0.9485951535636252 -0.9485951535636252 -0.9485951535636252 0.2267263690803847 1.3959208980324154
49 294 -0.9484236495597437 -0.9484236495597437 -0.9484236495597437 -0.9484236495597437 0.2271042721752636 1.395859466264331
50 300 -0.9484236495597437 -0.9484236495597437 -0.9484236495597437 -0.9484236495597437 0.2271042721752636 1.395859466264331
51 306 -0.934064128208594 -0.934064128208594 -0.934064128208594 -0.934064128208594 0.2567798118844354 1.390706341471338
52 312 -0.934064128208594 -0.934064128208594 -0.934064128208594 -0.934064128208594 0.2567798118844354 1.390706341471338
53 318 -0.8650248821079732 -0.8650248821079732 -0.8650248821079732 -0.8650248821079732 0.3673895995969769 1.3656591383313677
54 324 -0.8650248821079732 -0.8650248821079732 -0.8650248821079732 -0.8650248821079732 0.3673895995969769 1.3656591383313677
55 330 -0.6820324646253538 -0.6820324646253538 -0.6820324646253538 -0.6820324646253538 0.5638861014199997 1.2969319429427875
56 336 -0.6820324646253538 -0.6820324646253538 -0.6820324646253538 -0.6820324646253538 0.5638861014199997 1.2969319429427875
57 342 -0.5786024456599737 -0.5786024456599737 -0.5786024456599737 -0.5786024456599737 0.6491514109512715 1.2564244687445298
58 348 -0.5786024456599737 -0.5786024456599737 -0.5786024456599737 -0.5786024456599737 0.6491514109512715 1.2564244687445298
59 354 -0.6753854748949953 -0.6753854748949953 -0.6753854748949953 -0.6753854748949953 0.5697495283938414 1.2943668239316841
60 360 -0.6753854748949953 -0.6753854748949953 -0.6753854748949953 -0.6753854748949953 0.5697495283938414 1.2943668239316841
61 366 -0.7173947486545628 -0.7173947486545628 -0.7173947486545628 -0.7173947486545628 0.5316062935532623 1.3104940856999556
62 372 -0.7173947486545628 -0.7173947486545628 -0.7173947486545628 -0.7173947486545628 0.5316062935532623 1.3104940856999556
63 378 -0.7594549599004028 -0.7594549599004028 -0.7594549599004028 -0.7594549599004028 0.49045391230940066 1.3264444805194082
64 384 -0.7594549599004028 -0.7594549599004028 -0.7594549599004028 -0.7594549599004028 0.49045391230940066 1.3264444805194082
65 390 -0.6499559093711916 -0.6499559093711916 -0.6499559093711916 -0.6499559093711916 0.5916452405190195 1.2845060954978733
66 396 -0.6499559093711916 -0.6499559093711916 -0.6499559093711916 -0.6499559093711916 0.5916452405190195 1.2845060954978733
67 402 -0.5413353741102529 -0.5413353741102529 -0.5413353741102529 -0.5413353741102529 0.677247831956476 1.2415052855748352
68 408 -0.5413353741102529 -0.5413353741102529 -0.5413353741102529 -0.5413353741102529 0.677247831956476 1.2415052855748352
69 414 -0.40654301617885985 -0.40654301617885985 -0.40654301617885985 -0.40654301617885985 0.7703615929037093 1.1859776625969227
70 420 -0.40654301617885985 -0.40654301617885985 -0.40654301617885985 -0.40654301617885985 0.7703615929037093 1.1859776625969227
71 426 -0.3090355722873279 -0.3090355722873279 -0.3090355722873279 -0.3090355722873279 0.831242700847756 1.1441309244519735
72 432 -0.3090355722873279 -0.3090355722873279 -0.3090355722873279 -0.3090355722873279 0.831242700847756 1.1441309244519735
73 438 -0.2661006570689499 -0.2661006570689499 -0.2661006570689499 -0.2661006570689499 0.8566792532395365 1.1252113832826922
74 444 -0.2661006570689499 -0.2661006570689499 -0.2661006570689499 -0.2661006570689499 0.8566792532395365 1.1252113832826922
75 450 -0.22121032904036103 -0.22121032904036103 -0.22121032904036103 -0.22121032904036103 0.8824906067260089 1.1050838561124496
76 456 -0.22121032904036103 -0.22121032904036103 -0.22121032904036103 -0.22121032904036103 0.8824906067260089 1.1050838561124496
77 462 -0.14275815858367708 -0.14275815858367708 -0.14275815858367708 -0.14275815858367708 0.9258735558467597 1.0689986709924746
78 468 -0.14275815858367708 -0.14275815858367708 -0.14275815858367708 -0.14275815858367708 0.9258735558467597 1.0689986709924746
79 474 -0.13152646600769952 -0.13152646600769952 -0.13152646600769952 -0.13152646600769952 0.9319192743968226 1.0637323281764541
80 480 -0.13152646600769952 -0.13152646600769952 -0.13152646600769952 -0.13152646600769952 0.9319192743968226 1.0637323281764541
81 486 -0.21839991188017935 -0.21839991188017935 -0.21839991188017935 -0.21839991188017935 0.8840814940489484 1.103811538207578
82 492 -0.21839991188017935 -0.21839991188017935 -0.21839991188017935 -0.21839991188017935 0.8840814940489484 1.103811538207578
83 498 -0.3275487071627639 -0.3275487071627639 -0.3275487071627639 -0.3275487071627639 0.820031275523828 1.1521929990946673
84 504 -0.3275487071627639 -0.3275487071627639 -0.3275487071627639 -0.3275487071627639 0.820031275523828 1.1521929990946673
85 510 -0.15075338775851072 -0.15075338775851072 -0.15075338775851072 -0.15075338775851072 0.9215457732752559 1.0727317408180437
86 516 -0.15075338775851072 -0.15075338775851072 -0.15075338775851072 -0.15075338775851072 0.9215457732752559 1.0727317408180437
87 522 -0.31402291635995994 -0.31402291635995994 -0.31402291635995994 -0.31402291635995994 0.8282373353333211 1.146308386238171
88 528 -0.31402291635995994 -0.31402291635995994 -0.31402291635995994 -0.31402291635995994 0.8282373353333211 1.146308386238171
89 534 -0.2852120612717615 -0.2852120612717615 -0.2852120612717615 -0.2852120612717615 0.8454513225066471 1.1336719372339432
90 540 -0.2852120612717615 -0.2852120612717615 -0.2852120612717615 -0.2852120612717615 0.8454513225066471 1.1336719372339432
91 546 0.3011239327941811 0.3011239327941811 0.3011239327941811 0.3011239327941811 0.8359880783873767 1.1406681957493954
92 552 0.3011239327941811 0.3011239327941811 0.3011239327941811 0.3011239327941811 0.8359880783873767 1.1406681957493954
93 558 0.32068340572620696 0.32068340572620696 0.32068340572620696 0.32068340572620696 0.824206645371046 1.1492099049896007
94 564 0.32068340572620696 0.32068340572620696 0.32068340572620696 0.32068340572620696 0.824206645371046 1.1492099049896007
95 570 0.4163743575062258 0.4163743575062258 0.4163743575062258 0.4163743575062258 0.7639539531239916 1.1901152706802085
96 576 0.4163743575062258 0.4163743575062258 0.4163743575062258 0.4163743575062258 0.7639539531239916 1.1901152706802085
97 582 0.27869093681899143 0.27869093681899143 0.27869093681899143 0.27869093681899143 0.8492991600025334 1.1307921722487255
98 588 0.27869093681899143 0.27869093681899143 0.27869093681899143 0.27869093681899143 0.8492991600025334 1.1307921722487255
99 594 0.09726523109870054 0.09726523109870054 0.09726523109870054 0.09726523109870054 0.9501235545450388 1.0475042869118485
100 600 0.09726523109870054 0.09726523109870054 0.09726523109870054 0.09726523109870054 0.9501235545450388 1.0475042869118485
101 606 0.21391569794074183 0.21391569794074183 0.21391569794074183 0.21391569794074183 0.8866139532283813 1.1017784250659213
102 612 0.21391569794074183 0.21391569794074183 0.21391569794074183 0.21391569794074183 0.8866139532283813 1.1017784250659213
103 618 -0.05000939315466416 -0.05000939315466416 -0.05000939315466416 -0.05000939315466416 0.9746746158823137 1.0246996599758702
104 624 -0.05000939315466416 -0.05000939315466416 -0.05000939315466416 -0.05000939315466416 0.9746746158823137 1.0246996599758702
105 630 -0.2604194758499815 -0.2604194758499815 -0.2604194758499815 -0.2604194758499815 0.8599886767568622 1.1226840498777835
106 636 -0.2604194758499815 -0.2604194758499815 -0.2604194758499815 -0.2604194758499815 0.8599886767568622 1.1226840498777835
107 642 0.09165093949455659 0.09165093949455659 0.09165093949455659 0.09165093949455659 0.9530734811678707 1.0448210083524148
108 648 0.09165093949455659 0.09165093949455659 0.09165093949455659 0.09165093949455659 0.9530734811678707 1.0448210083524148
109 654 0.33706711237419384 0.33706711237419384 0.33706711237419384 0.33706711237419384 0.8142069071346705 1.1563161818353118
110 660 0.33706711237419384 0.33706711237419384 0.33706711237419384 0.33706711237419384 0.8142069071346705 1.1563161818353118
111 666 -0.018896617514791644 -0.018896617514791644 -0.018896617514791644 -0.018896617514791644 0.9905066291980124 1.0094040903002086
112 672 -0.018896617514791644 -0.018896617514791644 -0.018896617514791644 -0.018896617514791644 0.9905066291980124 1.0094040903002086
113 678 0.15633433789879123 0.15633433789879123 0.15633433789879123 0.15633433789879123 0.9185127446591086 1.0753298739916004
114 684 0.15633433789879123 0.15633433789879123 0.15633433789879123 0.15633433789879123 0.9185127446591086 1.0753298739916004
115 690 -0.22388910212720428 -0.22388910212720428 -0.22388910212720428 -0.22388910212720428 0.8809715647356593 1.1062952147267042
116 696 -0.22388910212720428 -0.22388910212720428 -0.22388910212720428 -0.22388910212720428 0.8809715647356593 1.1062952147267042
117 702 -0.22301794924545693 -0.22301794924545693 -0.22301794924545693 -0.22301794924545693 0.8814658534251584 1.1059014193161416
118 708 -0.22301794924545693 -0.22301794924545693 -0.22301794924545693 -0.22301794924545693 0.8814658534251584 1.1059014193161416
119 714 -0.2092798465875952 -0.2092798465875952 -0.2092798465875952 -0.2092798465875952 0.8892244673941474 1.0996726088193682
120 720 -0.2092798465875952 -0.2092798465875952 -0.2092798465875952 -0.2092798465875952 0.8892244673941474 1.0996726088193682
121 726 -0.20543231140719567 -0.20543231140719567 -0.20543231140719567 -0.20543231140719567 0.8913852638409523 1.0979218147970262
122 732 -0.20543231140719567 -0.20543231140719567 -0.20543231140719567 -0.20543231140719567 0.8913852638409523 1.0979218147970262
122 732 -0.20543231140719567 -0.20543231140719567 -0.20543231140719567 -0.20543231140719567 0.8913852638409523 1.0979218147970262
