% # columns="iteration, evaluation, sigma, max axis length,  min axis length, all principal axes lengths  (sorted square roots of eigenvalues of C)", seed=885828, Sat Jul 11 02:31:18 2026
1 6 0.7385328015574415 1.0000250003125026 1.0 1.0 1.0000250003125026
2 12 0.5827480088004819 0.9376345784506402 0.8088612020442097 0.8088612020442097 0.9376345784506402
3 18 0.4713249074894145 0.8960621079376041 0.6738802825131766 0.6738802825131766 0.8960621079376041
4 24 0.5093149275160916 0.873347642706861 0.5545821093175106 0.5545821093175106 0.873347642706861
5 30 0.4312432762107248 0.9013214794799812 0.529905430035845 0.529905430035845 0.9013214794799812
6 36 0.3258993754114603 0.862102488040535 0.4522500009602836 0.4522500009602836 0.862102488040535
7 42 0.25627748654973637 0.7212564749326038 0.41169036582773494 0.41169036582773494 0.7212564749326038
8 48 0.23948987035244382 0.7136547528523213 0.3313449576118886 0.3313449576118886 0.7136547528523213
9 54 0.1714619041263943 0.7240714127196092 0.28177481751065997 0.28177481751065997 0.7240714127196092
10 60 0.17832694221365197 0.5900538907837105 0.26945246191475875 0.26945246191475875 0.5900538907837105
11 66 0.20515141265436132 0.5885625346137152 0.25359990264305604 0.25359990264305604 0.5885625346137152
12 72 0.1967252952139915 0.5859744929990717 0.25343296647020996 0.25343296647020996 0.5859744929990717
13 78 0.2549641426082851 0.5907631640096673 0.20627318830648644 0.20627318830648644 0.5907631640096673
14 84 0.23246846661013876 0.7175924418129271 0.19498253013854075 0.19498253013854075 0.7175924418129271
15 90 0.183860182881929 0.7168205772791004 0.15219076382258892 0.15219076382258892 0.7168205772791004
16 96 0.17195813767771864 0.6716731071128244 0.13392245506780323 0.13392245506780323 0.6716731071128244
17 102 0.16979174519888884 0.6427642574667831 0.12433443131603039 0.12433443131603039 0.6427642574667831
18 108 0.2390022077817405 0.5832441162712847 0.1232537758943533 0.1232537758943533 0.5832441162712847
19 114 0.290435310705633 0.7275019050080879 0.11795069603690082 0.11795069603690082 0.7275019050080879
20 120 0.30028302663856543 0.6510352809026515 0.13292884922921588 0.13292884922921588 0.6510352809026515
21 126 0.24312480228348637 0.6649708063846189 0.10891998849467457 0.10891998849467457 0.6649708063846189
22 132 0.18368288784155054 0.5864045224675796 0.09692639378335668 0.09692639378335668 0.5864045224675796
23 138 0.19895709474895512 0.5188750580784007 0.08478314599235891 0.08478314599235891 0.5188750580784007
24 144 0.16076364404416427 0.4314766519266887 0.09616770755429307 0.09616770755429307 0.4314766519266887
25 150 0.17162991472629005 0.40285197841697884 0.08643810688855774 0.08643810688855774 0.40285197841697884
26 156 0.1829024662427837 0.36393520454863576 0.09293997886149354 0.09293997886149354 0.36393520454863576
27 162 0.2758649285466508 0.38830159874005576 0.07990772357324999 0.07990772357324999 0.38830159874005576
28 168 0.33625026709120087 0.4209978132877207 0.07790052059662997 0.07790052059662997 0.4209978132877207
29 174 0.5621313499740267 0.413640563305579 0.06748627018159493 0.06748627018159493 0.413640563305579
30 180 0.6907103766802604 0.4185552661018802 0.06747560703536902 0.06747560703536902 0.4185552661018802
31 186 1.162878055628957 0.3561491742013954 0.06600958581469354 0.06600958581469354 0.3561491742013954
32 192 1.1623661237869813 0.3683076515709101 0.06462906769039072 0.06462906769039072 0.3683076515709101
33 198 1.2190556728628168 0.3121842117257561 0.06141457720969197 0.06141457720969197 0.3121842117257561
34 204 0.9666481577118919 0.2810524658754541 0.058934926252605574 0.058934926252605574 0.2810524658754541
35 210 0.9314107347768945 0.2641646003760469 0.0489885584143334 0.0489885584143334 0.2641646003760469
36 216 0.802129824305665 0.2685187929531247 0.04275809862329047 0.04275809862329047 0.2685187929531247
37 222 0.6672874482457074 0.25300613122470306 0.03524370639524221 0.03524370639524221 0.25300613122470306
38 228 0.5946109755043626 0.2473582400157566 0.02844042954509397 0.02844042954509397 0.2473582400157566
39 234 0.5225491337551008 0.23136622967416026 0.02520155976847005 0.02520155976847005 0.23136622967416026
40 240 0.5290393553208232 0.2463092594768694 0.02025953632126383 0.02025953632126383 0.2463092594768694
41 246 0.7030110075024734 0.21892151131640508 0.02179859480421376 0.02179859480421376 0.21892151131640508
42 252 0.6091384550964526 0.2629376680100376 0.020051869787216185 0.020051869787216185 0.2629376680100376
43 258 0.5976595949509339 0.21337181327024152 0.019410840786971858 0.019410840786971858 0.21337181327024152
44 264 0.6637160215670561 0.21158342849422665 0.0180061660239038 0.0180061660239038 0.21158342849422665
45 270 0.5805822875849137 0.1889346521329169 0.01963674632845046 0.01963674632845046 0.1889346521329169
46 276 0.5383711161692506 0.17154045718473893 0.017064665329122194 0.017064665329122194 0.17154045718473893
47 282 0.670743436033798 0.14590627323078734 0.016678814447354095 0.016678814447354095 0.14590627323078734
48 288 0.5332138158741851 0.129303039049128 0.020345246419299474 0.020345246419299474 0.129303039049128
49 294 0.444750656224863 0.11241625857229172 0.019451146366264955 0.019451146366264955 0.11241625857229172
50 300 0.3798241195609892 0.10528337614522201 0.016788198605353796 0.016788198605353796 0.10528337614522201
51 306 0.3155935417339499 0.09698277256656504 0.01569012496675714 0.01569012496675714 0.09698277256656504
52 312 0.3146618596251915 0.08285967069719796 0.015212861914574539 0.015212861914574539 0.08285967069719796
53 318 0.3012450223106777 0.06916260014222093 0.016238594806660882 0.016238594806660882 0.06916260014222093
54 324 0.266894793263505 0.05943159244908661 0.015981125920464894 0.015981125920464894 0.05943159244908661
55 330 0.2452907404570856 0.04769685340141537 0.017371491275847088 0.017371491275847088 0.04769685340141537
56 336 0.18688700515676954 0.04122159487317045 0.01745655293666604 0.01745655293666604 0.04122159487317045
57 342 0.1498405363825384 0.03479046778386082 0.01589297064464268 0.01589297064464268 0.03479046778386082
58 348 0.18550451939369103 0.03053449872148457 0.014173353717859922 0.014173353717859922 0.03053449872148457
59 354 0.21510965408165167 0.036678214681138764 0.013076987390850763 0.013076987390850763 0.036678214681138764
60 360 0.19827914077476175 0.038357359916647474 0.012122598085627007 0.012122598085627007 0.038357359916647474
61 366 0.25592219747473044 0.03737152465730845 0.010398740800911093 0.010398740800911093 0.03737152465730845
62 372 0.19972417162928358 0.04537940411727365 0.008742716970567948 0.008742716970567948 0.04537940411727365
63 378 0.15033617023466572 0.04012398187033687 0.007727715938634814 0.007727715938634814 0.04012398187033687
64 384 0.12439523506057423 0.03512450807411591 0.006761304637455168 0.006761304637455168 0.03512450807411591
65 390 0.1334950659995535 0.027943748931723487 0.006610025560772357 0.006610025560772357 0.027943748931723487
66 396 0.1653966806975849 0.027272616818490834 0.006775120650704663 0.006775120650704663 0.027272616818490834
67 402 0.14657750904393488 0.02852857517467033 0.006819943970177253 0.006819943970177253 0.02852857517467033
68 408 0.1382316449417088 0.02737240910866008 0.005580717220650968 0.005580717220650968 0.02737240910866008
69 414 0.1566241529983177 0.023216097455970842 0.005483665996326772 0.005483665996326772 0.023216097455970842
70 420 0.19832650074053812 0.025540695050621866 0.005161951664471451 0.005161951664471451 0.025540695050621866
71 426 0.19985044187733422 0.03194268192666972 0.004209230794913733 0.004209230794913733 0.03194268192666972
72 432 0.14381627446215192 0.03155051883700706 0.0035341191112884 0.0035341191112884 0.03155051883700706
73 438 0.11524772230873342 0.029111163142159564 0.002939192676776127 0.002939192676776127 0.029111163142159564
74 444 0.099062805476584 0.023482290360591865 0.0028336173913888246 0.0028336173913888246 0.023482290360591865
75 450 0.08025186482599182 0.019974378856118444 0.0027763281280787475 0.0027763281280787475 0.019974378856118444
76 456 0.0657302711554597 0.01761571352446101 0.0026025400352868385 0.0026025400352868385 0.01761571352446101
77 462 0.05958422185823915 0.015888830381516623 0.0023181781322582883 0.0023181781322582883 0.015888830381516623
78 468 0.05246503620777062 0.014110838936154182 0.002224591050144695 0.002224591050144695 0.014110838936154182
79 474 0.042979005622406835 0.013169508713503761 0.0019734930734297148 0.0019734930734297148 0.013169508713503761
80 480 0.04777376897641564 0.01140345813100304 0.0018617102391561265 0.0018617102391561265 0.01140345813100304
81 486 0.04206143433805585 0.012747456594350736 0.0016642337292520734 0.0016642337292520734 0.012747456594350736
82 492 0.031556290621464214 0.011670153710336896 0.0015694139777761439 0.0015694139777761439 0.011670153710336896
83 498 0.029265118912435793 0.010696542001010593 0.001361699793336215 0.001361699793336215 0.010696542001010593
84 504 0.022218128853081488 0.00914820108216875 0.0013681030005658907 0.0013681030005658907 0.00914820108216875
85 510 0.02257540287176623 0.007718203510182136 0.0012444498862043672 0.0012444498862043672 0.007718203510182136
86 516 0.01961717322909256 0.0070055961501549685 0.0012426319773837593 0.0012426319773837593 0.0070055961501549685
87 522 0.01957022979310928 0.0070042169435345775 0.0010518187028690199 0.0010518187028690199 0.0070042169435345775
88 528 0.01665054037579087 0.0071701845224000065 0.0009720285674943115 0.0009720285674943115 0.0071701845224000065
89 534 0.013901985769155089 0.00648392419675584 0.0009089349191154446 0.0009089349191154446 0.00648392419675584
90 540 0.013771035493393395 0.006155604700379 0.0007786681713601106 0.0007786681713601106 0.006155604700379
91 546 0.015213768728458546 0.006573835699435472 0.0006606223320134129 0.0006606223320134129 0.006573835699435472
92 552 0.013162771211787293 0.005862527446908357 0.0006803873316966373 0.0006803873316966373 0.005862527446908357
93 558 0.010527232351907284 0.005106452151136039 0.0006155197493111292 0.0006155197493111292 0.005106452151136039
94 564 0.00845904806262695 0.004705220202405323 0.0005225565823552645 0.0005225565823552645 0.004705220202405323
95 570 0.007535748745864515 0.004469494446623943 0.00044135263423208606 0.00044135263423208606 0.004469494446623943
96 576 0.006484994332629221 0.0041755868688670705 0.00039813964545113047 0.00039813964545113047 0.0041755868688670705
97 582 0.005407939663904674 0.0038265270892240016 0.00036958285349443027 0.00036958285349443027 0.0038265270892240016
98 588 0.0049077490425862855 0.003099146830118617 0.00036307216806883704 0.00036307216806883704 0.003099146830118617
99 594 0.004110974644039288 0.003073782223133017 0.0003039095397660151 0.0003039095397660151 0.003073782223133017
100 600 0.0033275202715770855 0.0026285968331899224 0.00029236359243375317 0.00029236359243375317 0.0026285968331899224
101 606 0.0029601571112406783 0.0022939544924476035 0.00026957409900684284 0.00026957409900684284 0.0022939544924476035
102 612 0.0021855312785221555 0.00209386648294308 0.00024650652075143564 0.00024650652075143564 0.00209386648294308
103 618 0.001920199958568453 0.0019409386580906652 0.0002173413663542167 0.0002173413663542167 0.0019409386580906652
104 624 0.001885041414300849 0.0018659921592304686 0.00019010940573098916 0.00019010940573098916 0.0018659921592304686
105 630 0.00158903826047694 0.0018413256826476218 0.00017208643824555267 0.00017208643824555267 0.0018413256826476218
106 636 0.0011792352008396477 0.0015812640833153522 0.000164974945772688 0.000164974945772688 0.0015812640833153522
107 642 0.0011212902819453389 0.0013174106241208468 0.00015347245901413476 0.00015347245901413476 0.0013174106241208468
108 648 0.0009661417975372568 0.0011352710065047759 0.00015457644401289044 0.00015457644401289044 0.0011352710065047759
109 654 0.0007147799309627601 0.0010311514270599216 0.00013518397991144497 0.00013518397991144497 0.0010311514270599216
110 660 0.0008062124490961027 0.0008845874591926652 0.00012040029308137248 0.00012040029308137248 0.0008845874591926652
111 666 0.0005765583641430868 0.0008702459786267356 0.00012988633438760401 0.00012988633438760401 0.0008702459786267356
112 672 0.0004907407435255042 0.000756300289975499 0.00011787119129379646 0.00011787119129379646 0.000756300289975499
113 678 0.00043638883164053325 0.0006870593267545952 0.00010370706836205895 0.00010370706836205895 0.0006870593267545952
114 684 0.0004010277227557505 0.0007148475115105926 8.361790353552587e-05 8.361790353552587e-05 0.0007148475115105926
115 690 0.000326470081829465 0.0006766259150349792 7.311506214589128e-05 7.311506214589128e-05 0.0006766259150349792
116 696 0.00025467577766077437 0.0005815503744585954 6.715889134263518e-05 6.715889134263518e-05 0.0005815503744585954
117 702 0.00022401341289784426 0.0004941347392331315 6.152582338265744e-05 6.152582338265744e-05 0.0004941347392331315
118 708 0.00022034186077949427 0.00043532425192278386 5.701061727057763e-05 5.701061727057763e-05 0.00043532425192278386
119 714 0.00018137566366424314 0.00040767674064685265 5.535811463827415e-05 5.535811463827415e-05 0.00040767674064685265
120 720 0.00014108224753178205 0.00036491861401322844 5.1514638255787145e-05 5.1514638255787145e-05 0.00036491861401322844
121 726 0.00012709603336772906 0.00032208337163142146 4.57883226835852e-05 4.57883226835852e-05 0.00032208337163142146
122 732 9.126547457982456e-05 0.00031350997053645444 3.937582410014528e-05 3.937582410014528e-05 0.00031350997053645444
122 732 9.126547457982456e-05 0.00031350997053645444 3.937582410014528e-05 3.937582410014528e-05 0.00031350997053645444
