% # columns="iteration, evaluation, sigma, axis ratio, bestever, best, median, worst objective function value, interquartile range, further/more values", seed=885828, Sat Jul 11 02:31:18 2026, <python>{}</python>
1 6 0.7385328015574415 1.0000250003125026 1.3048784488449032 1.3048784488449032e+00 41.70576104121924 67.49288021800449 35.381031926274   
2 12 0.5827480088004819 1.1592033046967583 1.3048784488449032 3.2125111445401200e+00 14.236915604350477 97.65711011524625 53.575530533242244   
3 18 0.4713249074894145 1.3297051882803577 1.3048784488449032 1.4109567932121934e+00 18.67178547836441 31.280053057938176 19.895499163566967   
4 24 0.5093149275160916 1.5747851004094509 1.3048784488449032 1.7840075890175602e+00 3.5458904705170795 16.06823626695932 1.7086406399182152   
5 30 0.4312432762107248 1.7009100650638966 0.7372904943142348 7.3729049431423477e-01 1.479239881635467 6.128658696432817 2.150627484907589   
6 36 0.3258993754114603 1.9062520424764895 0.7184803551911676 7.1848035519116760e-01 1.7507980367082214 10.361937947338971 4.386443650443148   
7 42 0.25627748654973637 1.7519391630223422 0.6654822265543542 6.6548222655435418e-01 1.8170321731484989 3.4991607569126497 1.4131645767636076   
8 48 0.23948987035244382 2.1538120211512024 0.6336263601020427 6.3362636010204265e-01 0.752469917425654 1.1855122420065944 0.2620881616803241   
9 54 0.1714619041263943 2.569681063469117 0.6336263601020427 7.5786033076531856e-01 1.0878394997177527 1.2268359114422842 0.1781383453332951   
10 60 0.17832694221365197 2.189825569195853 0.6336263601020427 6.4188272707830452e-01 0.7193972472767696 1.4279066549245214 0.14506432483885545   
11 66 0.20515141265436132 2.320831074774196 0.5669464516496537 5.6694645164965374e-01 0.664761177378463 0.8308511594307016 0.18523764518045838   
12 72 0.1967252952139915 2.312147867581981 0.5245664652167669 5.2456646521676686e-01 0.6475747478919904 1.0961421659263926 0.1796982301639246   
13 78 0.2549641426082851 2.8639842572845433 0.41676911746123063 4.1676911746123063e-01 0.5840085251505959 1.0574013887816542 0.15329623614196208   
14 84 0.23246846661013876 3.680290953774458 0.41676911746123063 5.0658757511090924e-01 1.1811598222847712 1.3244106932031015 0.7312094271551868   
15 90 0.183860182881929 4.710013664920619 0.41676911746123063 4.3066623164089163e-01 0.7411703106682705 1.3087679080922447 0.29107960692708845   
16 96 0.17195813767771864 5.015388246674277 0.41676911746123063 4.4887590434635016e-01 0.6749268604219033 0.7308100044537362 0.200993362186908   
17 102 0.16979174519888884 5.169640064006242 0.41676911746123063 4.1820267944946499e-01 0.455980051630982 1.5960685565551331 0.14670033493165396   
18 108 0.2390022077817405 4.732058811498084 0.3873853791941029 3.8738537919410287e-01 0.41183577130905274 0.43893823328638065 0.04556085754499545   
19 114 0.290435310705633 6.167847494350429 0.3873853791941029 3.9758758306032527e-01 0.5768670592429316 0.7431443999131708 0.20522650183585656   
20 120 0.30028302663856543 4.897622184180943 0.3145682807426137 3.1456828074261373e-01 0.7494023475119733 1.0324162140922464 0.5945205958733809   
21 126 0.24312480228348637 6.105131074422867 0.3145682807426137 3.4000196923035469e-01 0.4164252799659123 0.4396146157812131 0.04192894644360928   
22 132 0.18368288784155054 6.049998350070377 0.3145682807426137 3.2246685660399038e-01 0.41707457267099945 0.48322113922770815 0.09204817357687067   
23 138 0.19895709474895512 6.120026002870481 0.28926479403942895 2.8926479403942895e-01 0.3408317572411119 0.41160651053659153 0.06741555490653361   
24 144 0.16076364404416427 4.486710382308858 0.28926479403942895 3.0627755897775116e-01 0.3604007878624692 0.394492546730287 0.02309533506346717   
25 150 0.17162991472629005 4.660583079825716 0.267726968048248 2.6772696804824803e-01 0.30897255192017464 0.3490991709270871 0.008463322708795407   
26 156 0.1829024662427837 3.9158089877661864 0.26134758706015543 2.6134758706015543e-01 0.28970852352973664 0.5077077208224411 0.03536414995524967   
27 162 0.2758649285466508 4.859375056331151 0.2135726249796859 2.1357262497968590e-01 0.2867742193830668 0.33202496176323193 0.07052470625280105   
28 168 0.33625026709120087 5.404300382890296 0.20625231366866176 2.0625231366866176e-01 0.24873039496868293 0.4337194538326701 0.0570429359670257   
29 174 0.5621313499740267 6.129255064660373 0.14910900455412296 1.4910900455412296e-01 0.2639409968786731 0.3950267285404875 0.1943139067729501   
30 180 0.6907103766802604 6.203060401998074 0.11338413398668361 1.1338413398668361e-01 0.22019753061161873 1.0111921000561432 0.12024244295358671   
31 186 1.162878055628957 5.395415980963747 0.09077736712525195 9.0777367125251945e-02 0.21742658598570416 1.2531366938708874 0.610036649176652   
32 192 1.1623661237869813 5.698792582546745 0.05514542552285802 5.5145425522858019e-02 0.22848225892159746 5.905090320919146 2.2568503604676375   
33 198 1.2190556728628168 5.083226587392181 0.05514542552285802 2.6009491852459016e-01 1.5177396390512456 12.241842012607753 9.094277306260242   
34 204 0.9666481577118919 4.768860907211681 0.05514542552285802 1.1192284914728987e-01 0.5168549393309494 1.1782305077258188 0.471314508902869   
35 210 0.9314107347768945 5.392373422010227 0.05514542552285802 9.4054965957496198e-02 0.23954113327272797 0.8476845074607967 0.43627168068591327   
36 216 0.802129824305665 6.279951672286515 0.05514542552285802 1.0307971203192966e-01 0.2676363016031449 0.31813902744066014 0.15740737125963175   
37 222 0.6672874482457074 7.178760610117275 0.05514542552285802 9.6594711389499793e-02 0.18110913515287763 0.29858318468386313 0.06316717689607082   
38 228 0.5946109755043626 8.697415755396928 0.05514542552285802 1.1288758546617844e-01 0.14607206119137128 0.3199080992876815 0.033964576978244315   
39 234 0.5225491337551008 9.180631349795464 0.05514542552285802 1.0044875874201335e-01 0.17065145205996485 0.20758937483831721 0.04514414490962962   
40 240 0.5290393553208232 12.157694804611607 0.05514542552285802 9.2291905554691314e-02 0.1104993141000353 0.14040183161320838 0.01500774523611402   
41 246 0.7030110075024734 10.042918512989958 0.05514542552285802 5.5199059515395679e-02 0.10022734058818106 0.18870514173294586 0.10185030156365311   
42 252 0.6091384550964526 13.112875297927088 0.05514542552285802 5.6865486050350952e-02 0.1276843516815011 1.2300498449243815 0.043728190550513524   
43 258 0.5976595949509339 10.992404482213471 0.0532064823004968 5.3206482300496800e-02 0.13254201597818016 0.5305284352995757 0.08111584831372982   
44 264 0.6637160215670561 11.750609664119636 0.044269585600877064 4.4269585600877064e-02 0.06356800655237213 0.6480108093194443 0.1841275145840698   
45 270 0.5805822875849137 9.621484586740383 0.04244900662231723 4.2449006622317230e-02 0.05277316069078032 0.7889433026147042 0.003234420035366059   
46 276 0.5383711161692506 10.052377463974734 0.04244900662231723 4.7380296520596443e-02 0.09071149794036845 0.24511126128279703 0.07378708290292475   
47 282 0.670743436033798 8.74800026652576 0.04244900662231723 5.6406289375143408e-02 0.19462158094376636 1.2419549132250804 0.17176669269066525   
48 288 0.5332138158741851 6.355442268149247 0.04167229581109339 4.1672295811093392e-02 0.1816220135407639 1.2715442462108006 0.17259683214985055   
49 294 0.444750656224863 5.779415591014243 0.04167229581109339 4.4886308264212804e-02 0.07061285682675418 0.1543807992852546 0.07259160178584893   
50 300 0.3798241195609892 6.2712729709813475 0.04110759634949697 4.1107596349496969e-02 0.05684912397929266 0.07589197117906196 0.022193924309253245   
51 306 0.3155935417339499 6.181134488861219 0.04053506118259663 4.0535061182596629e-02 0.054208147017197866 0.0844631813609722 0.0167484313305218   
52 312 0.3146618596251915 5.446685256362909 0.04053506118259663 4.0565940406604432e-02 0.04663394630315851 0.054878002832068784 0.009609758844113338   
53 318 0.3012450223106777 4.259149327000341 0.04053506118259663 4.0718811992312601e-02 0.043304566303490145 0.06972510222010289 0.006510770233201742   
54 324 0.266894793263505 3.7188614084430998 0.04053506118259663 4.1110350699989119e-02 0.044586856056739566 0.06938243494462513 0.0015433428816281625   
55 330 0.2452907404570856 2.7456971105141648 0.04052027350186431 4.0520273501864310e-02 0.042073955027575216 0.052660450280109974 0.008340200179981785   
56 336 0.18688700515676954 2.361382285650904 0.04052027350186431 4.0614409349504395e-02 0.04102949808049927 0.04275145049769559 0.0009434671175906212   
57 342 0.1498405363825384 2.189047507967823 0.040428426906524116 4.0428426906524116e-02 0.04121802957101803 0.04330566488901152 0.0010957756461870832   
58 348 0.18550451939369103 2.1543594641970922 0.040347601420322815 4.0347601420322815e-02 0.040681401095390694 0.041011450857966605 0.00035141685114354476   
59 354 0.21510965408165167 2.8047908577781806 0.0402561819715636 4.0256181971563602e-02 0.04063214080354303 0.04098722213633326 0.00037823684357315285   
60 360 0.19827914077476175 3.1641204010652926 0.0402561819715636 4.0269849503195190e-02 0.04095408286881184 0.04261314402339848 0.0009811560805100816   
61 366 0.25592219747473044 3.5938509645354477 0.04005075900964561 4.0050759009645609e-02 0.040856457599785956 0.04135378014047518 0.001138051845758395   
62 372 0.19972417162928358 5.1905379380393795 0.04005075900964561 4.0185132036716434e-02 0.04026007508297276 0.04111140661282597 0.00017273392833603435   
63 378 0.15033617023466572 5.192217492071171 0.04005075900964561 4.0076342743730321e-02 0.040592259298039314 0.040749036935371644 0.0004830565738717582   
64 384 0.12439523506057423 5.194930558155731 0.04005075900964561 4.0134425762534051e-02 0.04028375740787423 0.04038791938340522 0.0002316651534978731   
65 390 0.1334950659995535 4.227479708634949 0.04005075900964561 4.0066615611408292e-02 0.040186762273385884 0.040228918012692724 0.00015348670493772754   
66 396 0.1653966806975849 4.025406811855709 0.04002275495950674 4.0022754959506739e-02 0.04012725458380307 0.04019138709814005 9.23660415342864e-05   
67 402 0.14657750904393488 4.183109905216547 0.04002275495950674 4.0031236680936930e-02 0.04021481837676101 0.04063779864993037 0.0001680292517691681   
68 408 0.1382316449417088 4.90481922419771 0.04002275495950674 4.0029583243643842e-02 0.04004314444878898 0.040111380990758824 4.888360789590679e-05   
69 414 0.1566241529983177 4.233681896658571 0.04000346178700882 4.0003461787008823e-02 0.0400569750223123 0.04009395648920574 6.49145567523518e-05   
70 420 0.19832650074053812 4.947875670051835 0.04000346178700882 4.0009452808327982e-02 0.04010474059200143 0.04014612745063579 9.621012680641194e-05   
71 426 0.19985044187733422 7.5887219026497625 0.04000346178700882 4.0004632292104665e-02 0.040037589322198655 0.040140531427495595 9.90814204012494e-05   
72 432 0.14381627446215192 8.927406757805905 0.04000012223137403 4.0000122231374030e-02 0.040015614557598986 0.04003503486691614 1.4783252649613887e-05   
73 438 0.11524772230873342 9.90447593728028 0.04000012223137403 4.0000612774253486e-02 0.04001288558018427 0.040029424143040976 2.378593869169221e-05   
74 444 0.099062805476584 8.287036362761249 0.04000012223137403 4.0000451371845110e-02 0.04001404933293404 0.04001874834978188 1.1221276076375797e-05   
75 450 0.08025186482599182 7.194531026107838 0.04000012223137403 4.0002222488508668e-02 0.04000706836780322 0.04002566834251594 8.091112525150657e-06   
76 456 0.0657302711554597 6.768661878632541 0.04000001615344048 4.0000016153440482e-02 0.04000383745039498 0.04000442850777088 2.469392161592865e-06   
77 462 0.05958422185823915 6.8540161605434005 0.04000001615344048 4.0000070927850330e-02 0.04000057113464101 0.04000268208718915 7.889614198133832e-07   
78 468 0.05246503620777062 6.343115933706721 0.04000001615344048 4.0000253495968772e-02 0.04000185902534804 0.04000448791367701 3.317413275402692e-06   
79 474 0.042979005622406835 6.673197332593926 0.04000001615344048 4.0000216914129923e-02 0.04000145341797164 0.04000301511737448 1.8903577286219497e-06   
80 480 0.04777376897641564 6.125259393842075 0.04000001615344048 4.0000094351188689e-02 0.04000037682809454 0.04000189120079431 1.6114623139495965e-06   
81 486 0.04206143433805585 7.659655233691001 0.04000001615344048 4.0000075291725064e-02 0.04000074037675241 0.04000169800995961 9.435944959695908e-07   
82 492 0.031556290621464214 7.435994502147532 0.04000001615344048 4.0000081180973562e-02 0.04000059774440279 0.04000080163716528 4.457914295277754e-07   
83 498 0.029265118912435793 7.8552864980640615 0.04000001566162471 4.0000015661624713e-02 0.04000007573844474 0.04000021215608658 1.2074375021348116e-07   
84 504 0.022218128853081488 6.686778026497101 0.04000000866268829 4.0000008662688290e-02 0.04000004622541497 0.0400002908241779 1.8185789983637957e-07   
85 510 0.02257540287176623 6.202100699870714 0.04000000866268829 4.0000010041991788e-02 0.04000002524141042 0.04000012909834546 4.5057650631397106e-08   
86 516 0.01961717322909256 5.637707927736231 0.04000000866268829 4.0000021199064519e-02 0.040000106183238335 0.04000024741329837 1.4072169258333433e-07   
87 522 0.01957022979310928 6.659148505754222 0.04000000866268829 4.0000008787588151e-02 0.04000007433072282 0.04000010931928815 8.310388441290506e-08   
88 528 0.01665054037579087 7.376516248779867 0.04000000866268829 4.0000010122171942e-02 0.04000009286773333 0.04000012919097987 8.117365296600454e-08   
89 534 0.013901985769155089 7.1335406533460635 0.04000000866268829 4.0000015131395894e-02 0.04000003373074075 0.04000007991404286 1.503256560897448e-08   
90 540 0.013771035493393395 7.905298979444503 0.040000003603823116 4.0000003603823116e-02 0.04000003867318627 0.040000060099076244 2.5158332778163484e-08   
91 546 0.015213768728458546 9.950974075308736 0.04000000027674414 4.0000000276744142e-02 0.04000000521733811 0.04000001332686799 8.609256987868186e-09   
92 552 0.013162771211787293 8.616455912383548 0.0400000002300764 4.0000000230076403e-02 0.04000000231163316 0.040000016303613745 8.764854328435767e-09   
93 558 0.010527232351907284 8.296162969345863 0.0400000002300764 4.0000000497188305e-02 0.040000001860898624 0.040000002623542474 1.902952184718032e-09   
94 564 0.00845904806262695 9.004231046517447 0.0400000002300764 4.0000000391469469e-02 0.04000000167012654 0.04000000478280397 2.6351606660646176e-09   
95 570 0.007535748745864515 10.126810400487269 0.04000000006122513 4.0000000061225130e-02 0.04000000141014775 0.04000000270896602 1.5420054261250371e-09   
96 576 0.006484994332629221 10.487744480044757 0.04000000006122513 4.0000000260041177e-02 0.04000000093838451 0.04000000117638538 4.5030052603367565e-10   
97 582 0.005407939663904674 10.353638035541788 0.040000000022410886 4.0000000022410886e-02 0.04000000152500488 0.0400000037751243 1.4365037284691518e-09   
98 588 0.0049077490425862855 8.535897550624236 0.040000000022410886 4.0000000037198447e-02 0.04000000043333359 0.04000000108190086 5.042142189881638e-10   
99 594 0.004110974644039288 10.114135362448879 0.040000000002421786 4.0000000002421786e-02 0.04000000047657347 0.040000001603204834 4.4909981983254355e-10   
100 600 0.0033275202715770855 8.990848728148453 0.040000000002421786 4.0000000029450540e-02 0.04000000013864568 0.04000000025521618 6.468642982371264e-11   
101 606 0.0029601571112406783 8.509550809587882 0.04000000000160566 4.0000000001605661e-02 0.04000000003896709 0.040000000094822484 5.740616315641489e-11   
102 612 0.0021855312785221555 8.494162655658208 0.04000000000160566 4.0000000036130981e-02 0.040000000120718866 0.04000000019604344 1.2993518760939793e-10   
103 618 0.001920199958568453 8.930369264944158 0.04000000000160566 4.0000000003902081e-02 0.040000000015161 0.04000000004632687 1.0656177329426697e-11   
104 624 0.001885041414300849 9.815359487635801 0.04000000000160566 4.0000000004978380e-02 0.04000000002449305 0.040000000030283825 1.4908664580648434e-11   
105 630 0.00158903826047694 10.700004610591144 0.04000000000059382 4.0000000000593817e-02 0.04000000001955321 0.04000000003738182 2.6016175325160873e-11   
106 636 0.0011792352008396477 9.584874090482256 0.04000000000059382 4.0000000001659111e-02 0.040000000004908894 0.040000000019420924 2.5382335122614563e-12   
107 642 0.0011212902819453389 8.584019781682873 0.040000000000228374 4.0000000000228374e-02 0.04000000000193906 0.04000000000634998 1.893742107572649e-12   
108 648 0.0009661417975372568 7.344398519156666 0.040000000000158874 4.0000000000158874e-02 0.040000000001790645 0.04000000000337824 1.4043002871666488e-12   
109 654 0.0007147799309627601 7.627763494871201 0.040000000000158874 4.0000000000175152e-02 0.040000000001227914 0.0400000000071545 2.453225123044689e-12   
110 660 0.0008062124490961027 7.347054035780603 0.040000000000069216 4.0000000000069216e-02 0.04000000000098683 0.04000000000189096 1.1886949757844434e-12   
111 666 0.0005765583641430868 6.7000580371278025 0.040000000000069216 4.0000000000151553e-02 0.0400000000006112 0.04000000000351442 3.2680802508622264e-13   
112 672 0.0004907407435255042 6.416328550463229 0.040000000000069216 4.0000000000095084e-02 0.04000000000023977 0.04000000000088854 5.767192279293454e-13   
113 678 0.00043638883164053325 6.624999988968493 0.04000000000000378 4.0000000000003783e-02 0.040000000000208154 0.04000000000036769 1.561945017769517e-13   
114 684 0.0004010277227557505 8.548976729689029 0.04000000000000378 4.0000000000003880e-02 0.04000000000007701 0.040000000000489026 1.4806905701547635e-13   
115 690 0.000326470081829465 9.2542616415324 0.040000000000001014 4.0000000000001014e-02 0.04000000000003656 0.04000000000010497 7.330941409477987e-14   
116 696 0.00025467577766077437 8.659320647382453 0.040000000000001014 4.0000000000005510e-02 0.040000000000057066 0.04000000000008932 3.97390453876767e-14   
117 702 0.00022401341289784426 8.031338908865632 0.040000000000001014 4.0000000000002388e-02 0.04000000000000982 0.04000000000003853 8.201772594418344e-15   
118 708 0.00022034186077949427 7.635845264693328 0.04000000000000034 4.0000000000000341e-02 0.04000000000000479 0.040000000000011623 8.576472865229334e-15   
119 714 0.00018137566366424314 7.3643537774132986 0.04000000000000034 4.0000000000004823e-02 0.04000000000000829 0.04000000000001283 6.591949208711867e-15   
120 720 0.00014108224753178205 7.083784849682673 0.04000000000000025 4.0000000000000251e-02 0.040000000000004976 0.040000000000014205 1.004057947895376e-14   
121 726 0.00012709603336772906 7.0341814845924935 0.04000000000000025 4.0000000000000743e-02 0.040000000000003644 0.04000000000001355 3.587408148320037e-15   
122 732 9.126547457982456e-05 7.961991341161485 0.04000000000000025 4.0000000000000403e-02 0.04000000000000363 0.040000000000005545 3.677613769070831e-15   
