% # columns="iteration, evaluation, sigma, beta, void,  sigvec==sigma_vec.scaling factors from diagonal decoding", seed=885828, Sat Jul 11 02:31:18 2026, <python>{}</python>
1 6 0.7385328015574415 1 0 0.6 0.5999850001874985
2 12 0.5827480088004819 1 0 0.6 0.5999850001874985
3 18 0.4713249074894145 1 0 0.6 0.5999850001874985
4 24 0.5093149275160916 1 0 0.6 0.5999850001874985
5 30 0.4312432762107248 1 0 0.6 0.5999850001874985
6 36 0.3258993754114603 1 0 0.6 0.5999850001874985
7 42 0.25627748654973637 1 0 0.6 0.5999850001874985
8 48 0.23948987035244382 1 0 0.6 0.5999850001874985
9 54 0.1714619041263943 1 0 0.6 0.5999850001874985
10 60 0.17832694221365197 1 0 0.6 0.5999850001874985
11 66 0.20515141265436132 1 0 0.6 0.5999850001874985
12 72 0.1967252952139915 1 0 0.6 0.5999850001874985
13 78 0.2549641426082851 1 0 0.6 0.5999850001874985
14 84 0.23246846661013876 1 0 0.6 0.5999850001874985
15 90 0.183860182881929 1 0 0.6 0.5999850001874985
16 96 0.17195813767771864 1 0 0.6 0.5999850001874985
17 102 0.16979174519888884 1 0 0.6 0.5999850001874985
18 108 0.2390022077817405 1 0 0.6 0.5999850001874985
19 114 0.290435310705633 1 0 0.6 0.5999850001874985
20 120 0.30028302663856543 1 0 0.6 0.5999850001874985
21 126 0.24312480228348637 1 0 0.6 0.5999850001874985
22 132 0.18368288784155054 1 0 0.6 0.5999850001874985
23 138 0.19895709474895512 1 0 0.6 0.5999850001874985
24 144 0.16076364404416427 1 0 0.6 0.5999850001874985
25 150 0.17162991472629005 1 0 0.6 0.5999850001874985
26 156 0.1829024662427837 1 0 0.6 0.5999850001874985
27 162 0.2758649285466508 1 0 0.6 0.5999850001874985
28 168 0.33625026709120087 1 0 0.6 0.5999850001874985
29 174 0.5621313499740267 1 0 0.6 0.5999850001874985
30 180 0.6907103766802604 1 0 0.6 0.5999850001874985
31 186 1.162878055628957 1 0 0.6 0.5999850001874985
32 192 1.1623661237869813 1 0 0.6 0.5999850001874985
33 198 1.2190556728628168 1 0 0.6 0.5999850001874985
34 204 0.9666481577118919 1 0 0.6 0.5999850001874985
35 210 0.9314107347768945 1 0 0.6 0.5999850001874985
36 216 0.802129824305665 1 0 0.6 0.5999850001874985
37 222 0.6672874482457074 1 0 0.6 0.5999850001874985
38 228 0.5946109755043626 1 0 0.6 0.5999850001874985
39 234 0.5225491337551008 1 0 0.6 0.5999850001874985
40 240 0.5290393553208232 1 0 0.6 0.5999850001874985
41 246 0.7030110075024734 1 0 0.6 0.5999850001874985
42 252 0.6091384550964526 1 0 0.6 0.5999850001874985
43 258 0.5976595949509339 1 0 0.6 0.5999850001874985
44 264 0.6637160215670561 1 0 0.6 0.5999850001874985
45 270 0.5805822875849137 1 0 0.6 0.5999850001874985
46 276 0.5383711161692506 1 0 0.6 0.5999850001874985
47 282 0.670743436033798 1 0 0.6 0.5999850001874985
48 288 0.5332138158741851 1 0 0.6 0.5999850001874985
49 294 0.444750656224863 1 0 0.6 0.5999850001874985
50 300 0.3798241195609892 1 0 0.6 0.5999850001874985
51 306 0.3155935417339499 1 0 0.6 0.5999850001874985
52 312 0.3146618596251915 1 0 0.6 0.5999850001874985
53 318 0.3012450223106777 1 0 0.6 0.5999850001874985
54 324 0.266894793263505 1 0 0.6 0.5999850001874985
55 330 0.2452907404570856 1 0 0.6 0.5999850001874985
56 336 0.18688700515676954 1 0 0.6 0.5999850001874985
57 342 0.1498405363825384 1 0 0.6 0.5999850001874985
58 348 0.18550451939369103 1 0 0.6 0.5999850001874985
59 354 0.21510965408165167 1 0 0.6 0.5999850001874985
60 360 0.19827914077476175 1 0 0.6 0.5999850001874985
61 366 0.25592219747473044 1 0 0.6 0.5999850001874985
62 372 0.19972417162928358 1 0 0.6 0.5999850001874985
63 378 0.15033617023466572 1 0 0.6 0.5999850001874985
64 384 0.12439523506057423 1 0 0.6 0.5999850001874985
65 390 0.1334950659995535 1 0 0.6 0.5999850001874985
66 396 0.1653966806975849 1 0 0.6 0.5999850001874985
67 402 0.14657750904393488 1 0 0.6 0.5999850001874985
68 408 0.1382316449417088 1 0 0.6 0.5999850001874985
69 414 0.1566241529983177 1 0 0.6 0.5999850001874985
70 420 0.19832650074053812 1 0 0.6 0.5999850001874985
71 426 0.19985044187733422 1 0 0.6 0.5999850001874985
72 432 0.14381627446215192 1 0 0.6 0.5999850001874985
73 438 0.11524772230873342 1 0 0.6 0.5999850001874985
74 444 0.099062805476584 1 0 0.6 0.5999850001874985
75 450 0.08025186482599182 1 0 0.6 0.5999850001874985
76 456 0.0657302711554597 1 0 0.6 0.5999850001874985
77 462 0.05958422185823915 1 0 0.6 0.5999850001874985
78 468 0.05246503620777062 1 0 0.6 0.5999850001874985
79 474 0.042979005622406835 1 0 0.6 0.5999850001874985
80 480 0.04777376897641564 1 0 0.6 0.5999850001874985
81 486 0.04206143433805585 1 0 0.6 0.5999850001874985
82 492 0.031556290621464214 1 0 0.6 0.5999850001874985
83 498 0.029265118912435793 1 0 0.6 0.5999850001874985
84 504 0.022218128853081488 1 0 0.6 0.5999850001874985
85 510 0.02257540287176623 1 0 0.6 0.5999850001874985
86 516 0.01961717322909256 1 0 0.6 0.5999850001874985
87 522 0.01957022979310928 1 0 0.6 0.5999850001874985
88 528 0.01665054037579087 1 0 0.6 0.5999850001874985
89 534 0.013901985769155089 1 0 0.6 0.5999850001874985
90 540 0.013771035493393395 1 0 0.6 0.5999850001874985
91 546 0.015213768728458546 1 0 0.6 0.5999850001874985
92 552 0.013162771211787293 1 0 0.6 0.5999850001874985
93 558 0.010527232351907284 1 0 0.6 0.5999850001874985
94 564 0.00845904806262695 1 0 0.6 0.5999850001874985
95 570 0.007535748745864515 1 0 0.6 0.5999850001874985
96 576 0.006484994332629221 1 0 0.6 0.5999850001874985
97 582 0.005407939663904674 1 0 0.6 0.5999850001874985
98 588 0.0049077490425862855 1 0 0.6 0.5999850001874985
99 594 0.004110974644039288 1 0 0.6 0.5999850001874985
100 600 0.0033275202715770855 1 0 0.6 0.5999850001874985
101 606 0.0029601571112406783 1 0 0.6 0.5999850001874985
102 612 0.0021855312785221555 1 0 0.6 0.5999850001874985
103 618 0.001920199958568453 1 0 0.6 0.5999850001874985
104 624 0.001885041414300849 1 0 0.6 0.5999850001874985
105 630 0.00158903826047694 1 0 0.6 0.5999850001874985
106 636 0.0011792352008396477 1 0 0.6 0.5999850001874985
107 642 0.0011212902819453389 1 0 0.6 0.5999850001874985
108 648 0.0009661417975372568 1 0 0.6 0.5999850001874985
109 654 0.0007147799309627601 1 0 0.6 0.5999850001874985
110 660 0.0008062124490961027 1 0 0.6 0.5999850001874985
111 666 0.0005765583641430868 1 0 0.6 0.5999850001874985
112 672 0.0004907407435255042 1 0 0.6 0.5999850001874985
113 678 0.00043638883164053325 1 0 0.6 0.5999850001874985
114 684 0.0004010277227557505 1 0 0.6 0.5999850001874985
115 690 0.000326470081829465 1 0 0.6 0.5999850001874985
116 696 0.00025467577766077437 1 0 0.6 0.5999850001874985
117 702 0.00022401341289784426 1 0 0.6 0.5999850001874985
118 708 0.00022034186077949427 1 0 0.6 0.5999850001874985
119 714 0.00018137566366424314 1 0 0.6 0.5999850001874985
120 720 0.00014108224753178205 1 0 0.6 0.5999850001874985
121 726 0.00012709603336772906 1 0 0.6 0.5999850001874985
122 732 9.126547457982456e-05 1 0 0.6 0.5999850001874985
122 732 9.126547457982456e-05 1 0 0.6 0.5999850001874985
