% # columns="iteration, evaluation, sigma, void, void,  stds==sigma*sigma_vec.scaling*sqrt(diag(C))", seed=885828, Sat Jul 11 02:31:18 2026, <python>{}</python>
1 6 0.7385328015574415 0 0 0.4081871218649441 0.36670197785234954
2 12 0.5827480088004819 0 0 0.2873322489237278 0.2666746868031043
3 18 0.4713249074894145 0 0 0.23887005759907604 0.16892170890301064
4 24 0.5093149275160916 0 0 0.27441308626474964 0.16365305842682898
5 30 0.4312432762107248 0 0 0.22261909076148179 0.11786204503580007
6 36 0.3258993754114603 0 0 0.14103421443581962 0.08049977850837836
7 42 0.25627748654973637 0 0 0.10973264839716781 0.05095610033699942
8 48 0.23948987035244382 0 0 0.1040427684973712 0.04049317981316924
9 54 0.1714619041263943 0 0 0.06069769408932581 0.027731549457069057
10 60 0.17832694221365197 0 0 0.062462797128803656 0.02829030030075045
11 66 0.20515141265436132 0 0 0.07039882564610929 0.03492208695121512
12 72 0.1967252952139915 0 0 0.06772459617781036 0.02947075391017172
13 78 0.2549641426082851 0 0 0.1034698005829865 0.04726966571549233
14 84 0.23246846661013876 0 0 0.09325242939156417 0.041846091931738924
15 90 0.183860182881929 0 0 0.06860080055391297 0.03166096206523163
16 96 0.17195813767771864 0 0 0.061213654134409885 0.028554711585857283
17 102 0.16979174519888884 0 0 0.05399264957653056 0.02780147044043736
18 108 0.2390022077817405 0 0 0.09136263644799125 0.05312693602635123
19 114 0.290435310705633 0 0 0.0993342378701877 0.059498422032714327
20 120 0.30028302663856543 0 0 0.10184940563060844 0.06607164777081571
21 126 0.24312480228348637 0 0 0.0740749254758644 0.045056626055149575
22 132 0.18368288784155054 0 0 0.04872827647389787 0.03135200874599143
23 138 0.19895709474895512 0 0 0.04264121837158847 0.031087932145015037
24 144 0.16076364404416427 0 0 0.03257143578695738 0.022772028495295887
25 150 0.17162991472629005 0 0 0.03040139059391358 0.023913898549112717
26 156 0.1829024662427837 0 0 0.03350609131966504 0.027749812812053142
27 162 0.2758649285466508 0 0 0.0541873738797698 0.045668554528613785
28 168 0.33625026709120087 0 0 0.06417384453511422 0.05505623433530895
29 174 0.5621313499740267 0 0 0.10331800354221536 0.09885216728744835
30 180 0.6907103766802604 0 0 0.10712581415384534 0.10515180767868906
31 186 1.162878055628957 0 0 0.17666319648715773 0.1919881503722474
32 192 1.1623661237869813 0 0 0.15458223612911096 0.15918890184072798
33 198 1.2190556728628168 0 0 0.14590881616794946 0.15108669596339952
34 204 0.9666481577118919 0 0 0.10460307212204259 0.11549415319560802
35 210 0.9314107347768945 0 0 0.09807748762984128 0.11605752570725325
36 216 0.802129824305665 0 0 0.0759389148750855 0.096682705058383
37 222 0.6672874482457074 0 0 0.061327524341760614 0.07858944333065748
38 228 0.5946109755043626 0 0 0.0512135764994604 0.06535491105511596
39 234 0.5225491337551008 0 0 0.04831953714378107 0.06057326128849432
40 240 0.5290393553208232 0 0 0.04361758906872335 0.05453635827645122
41 246 0.7030110075024734 0 0 0.06637097671045458 0.08925696016492271
42 252 0.6091384550964526 0 0 0.04605836500036319 0.06332635272980543
43 258 0.5976595949509339 0 0 0.04587310599270533 0.06077717827588224
44 264 0.6637160215670561 0 0 0.046861971914511344 0.05937923848721629
45 270 0.5805822875849137 0 0 0.037770818269189724 0.04668376368259253
46 276 0.5383711161692506 0 0 0.029470469523163807 0.03717234596973543
47 282 0.670743436033798 0 0 0.032430898817467343 0.04151015599000444
48 288 0.5332138158741851 0 0 0.022169074295107224 0.028994945749155204
49 294 0.444750656224863 0 0 0.018064841816389256 0.02197797002270451
50 300 0.3798241195609892 0 0 0.01445218043781595 0.017099610219024532
51 306 0.3155935417339499 0 0 0.010685804094516258 0.011844001806240723
52 312 0.3146618596251915 0 0 0.00896161417408099 0.009979335400080705
53 318 0.3012450223106777 0 0 0.007755385479395133 0.007974134946285811
54 324 0.266894793263505 0 0 0.005776926392166846 0.005718690041954007
55 330 0.2452907404570856 0 0 0.005079454518071574 0.004195769089597735
56 336 0.18688700515676954 0 0 0.003430481608845637 0.00257414521084104
57 342 0.1498405363825384 0 0 0.002487240527781636 0.0017243027673180063
58 348 0.18550451939369103 0 0 0.0038286567817432345 0.0020311421857547862
59 354 0.21510965408165167 0 0 0.004682417137063148 0.002243078195262828
60 360 0.19827914077476175 0 0 0.004241928228665615 0.001817473201558581
61 366 0.25592219747473044 0 0 0.006817493261235937 0.001969531210059048
62 372 0.19972417162928358 0 0 0.004684999799460766 0.0014238629447002298
63 378 0.15033617023466572 0 0 0.003078858404548035 0.0009646779827153877
64 384 0.12439523506057423 0 0 0.0020072554823821797 0.00075112941444603
65 390 0.1334950659995535 0 0 0.0021281740884032856 0.0007329278433840642
66 396 0.1653966806975849 0 0 0.0027985738383213615 0.0008007759831236654
67 402 0.14657750904393488 0 0 0.002385144971898943 0.0005891398221894911
68 408 0.1382316449417088 0 0 0.0019166001312020567 0.0004910290147586813
69 414 0.1566241529983177 0 0 0.0023899419870681226 0.0005332087511927091
70 420 0.19832650074053812 0 0 0.0037960028621897173 0.0005377705851664648
71 426 0.19985044187733422 0 0 0.0037806888596887567 0.0004458769795859564
72 432 0.14381627446215192 0 0 0.002509011354611825 0.00028160837195681445
73 438 0.11524772230873342 0 0 0.0016228527569218073 0.00020337919519254863
74 444 0.099062805476584 0 0 0.0011866531261959187 0.00016911836073233487
75 450 0.08025186482599182 0 0 0.0008477286857295813 0.00012856932453760367
76 456 0.0657302711554597 0 0 0.0006261123354945738 9.487812328044744e-05
77 462 0.05958422185823915 0 0 0.0005043361800325254 8.03726407162905e-05
78 468 0.05246503620777062 0 0 0.0004143542268753148 6.350124099627463e-05
79 474 0.042979005622406835 0 0 0.00029399465442374935 4.843986715297832e-05
80 480 0.04777376897641564 0 0 0.00036465966839905424 5.304158344324639e-05
81 486 0.04206143433805585 0 0 0.00029438203288066226 4.060461187806292e-05
82 492 0.031556290621464214 0 0 0.0002023508290108788 2.7121359123245183e-05
83 498 0.029265118912435793 0 0 0.00016041231879530108 2.545970468959269e-05
84 504 0.022218128853081488 0 0 0.00010264154498190888 1.8065198809678316e-05
85 510 0.02257540287176623 0 0 9.485661597660135e-05 1.703235168088713e-05
86 516 0.01961717322909256 0 0 8.2435435081338e-05 1.2421975885439353e-05
87 522 0.01957022979310928 0 0 8.41068496831277e-05 1.2033867216109055e-05
88 528 0.01665054037579087 0 0 6.471309290196246e-05 9.521719480831745e-06
89 534 0.013901985769155089 0 0 5.130804212505133e-05 6.78120730853208e-06
90 540 0.013771035493393395 0 0 5.4317105211381005e-05 5.458431567565185e-06
91 546 0.015213768728458546 0 0 5.347819023708294e-05 6.517338116516891e-06
92 552 0.013162771211787293 0 0 4.030989571737949e-05 5.0172908860774844e-06
93 558 0.010527232351907284 0 0 2.9698457939655583e-05 3.4870964868802512e-06
94 564 0.00845904806262695 0 0 2.2671302636881793e-05 2.37080573282138e-06
95 570 0.007535748745864515 0 0 1.886149543432141e-05 1.9818239784474746e-06
96 576 0.006484994332629221 0 0 1.4871748583232035e-05 1.606666466594481e-06
97 582 0.005407939663904674 0 0 1.0050098764309357e-05 1.22737313171023e-06
98 588 0.0049077490425862855 0 0 9.048742965558088e-06 9.195045995092808e-07
99 594 0.004110974644039288 0 0 6.48326907265444e-06 7.246004000677694e-07
100 600 0.0033275202715770855 0 0 4.578248260668696e-06 5.521350753043623e-07
101 606 0.0029601571112406783 0 0 3.717649950405128e-06 4.4833355482547465e-07
102 612 0.0021855312785221555 0 0 2.5451822472704736e-06 2.8505955680338133e-07
103 618 0.001920199958568453 0 0 2.1498185716812706e-06 2.1930064862624683e-07
104 624 0.001885041414300849 0 0 2.0823077848002715e-06 1.9757391220251646e-07
105 630 0.00158903826047694 0 0 1.5070093534964213e-06 1.6297332233358528e-07
106 636 0.0011792352008396477 0 0 9.320033381320564e-07 1.0960074251200002e-07
107 642 0.0011212902819453389 0 0 7.637198888143302e-07 1.0444033012838062e-07
108 648 0.0009661417975372568 0 0 5.973199338305669e-07 8.15249097491527e-08
109 654 0.0007147799309627601 0 0 3.7891087955841977e-07 5.491060201776759e-08
110 660 0.0008062124490961027 0 0 4.208733418073137e-07 6.341841079530427e-08
111 666 0.0005765583641430868 0 0 2.616295914900897e-07 4.078221660844966e-08
112 672 0.0004907407435255042 0 0 2.0225008322821456e-07 3.086934611146699e-08
113 678 0.00043638883164053325 0 0 1.8713834283541805e-07 2.2169806633853505e-08
114 684 0.0004010277227557505 0 0 1.6280594664271505e-07 1.760616610949899e-08
115 690 0.000326470081829465 0 0 1.1387461528932411e-07 1.350235213535937e-08
116 696 0.00025467577766077437 0 0 7.55058589231786e-08 9.406309098140704e-09
117 702 0.00022401341289784426 0 0 5.8484331447906674e-08 7.864060684741694e-09
118 708 0.00022034186077949427 0 0 5.387031951034035e-08 7.511954839116359e-09
119 714 0.00018137566366424314 0 0 3.96938983214552e-08 5.735585779023047e-09
120 720 0.00014108224753178205 0 0 2.723403224556506e-08 4.082082684659184e-09
121 726 0.00012709603336772906 0 0 2.3899074937865824e-08 3.0691541000241176e-09
122 732 9.126547457982456e-05 0 0 1.5095084290637698e-08 1.9391106753106722e-09
122 732 9.126547457982456e-05 0 0 1.5095084290637698e-08 1.9391106753106722e-09
