% # columns="iteration, evaluation, void, void, void, xmean", seed=885828, Sat Jul 11 02:31:18 2026, <python>{}</python> # scaling_of_variables: 1, typical_x: 0
1 6 0 0 0 -0.06115381668148921 0.07677173977195176
2 12 0 0 0 -0.17201403837926013 0.023153223706262847
3 18 0 0 0 -0.018742889473180084 0.015293562899239138
4 24 0 0 0 0.1293200358486247 0.12438635534273576
5 30 0 0 0 0.13291032625873997 0.007544699477909267
6 36 0 0 0 0.14735479873688712 0.02670831917117287
7 42 0 0 0 0.13141937770523848 -1.602428167777172e-05
8 48 0 0 0 0.20444459677244492 0.03019772986940613
9 54 0 0 0 0.17674450578219839 0.019394678642121046
10 60 0 0 0 0.22332816743854028 0.04060903987345551
11 66 0 0 0 0.24918268039664027 0.06588048158078343
12 72 0 0 0 0.2768696480034498 0.07056641856888819
13 78 0 0 0 0.34923739437030676 0.10568727448586573
14 84 0 0 0 0.35637313265987935 0.10409266017908371
15 90 0 0 0 0.3226885600285475 0.09741703569570816
16 96 0 0 0 0.375011964548756 0.11131523842558128
17 102 0 0 0 0.37726554094575326 0.1260922489480295
18 108 0 0 0 0.4393405019311141 0.1675200045028593
19 114 0 0 0 0.4142234022715167 0.1717360838796657
20 120 0 0 0 0.4704519258411629 0.20666241633685328
21 126 0 0 0 0.45904827656911895 0.2004114745074969
22 132 0 0 0 0.44370782183245855 0.1861555945495455
23 138 0 0 0 0.4593947582411051 0.20914738812316203
24 144 0 0 0 0.4629223240643725 0.19972057359067885
25 150 0 0 0 0.47701753059571383 0.2202613923157724
26 156 0 0 0 0.4994443277027473 0.2377396564870954
27 162 0 0 0 0.5342011349080074 0.2777827618613616
28 168 0 0 0 0.5557166679392431 0.30257997787700297
29 174 0 0 0 0.611105342132897 0.37392546084085054
30 180 0 0 0 0.6584513918058402 0.42609228786711334
31 186 0 0 0 0.7540022939393088 0.5692713833421271
32 192 0 0 0 0.8053476988071161 0.5933102432749174
33 198 0 0 0 0.8657865255109017 0.6879535694274455
34 204 0 0 0 0.7959136110535513 0.6203403364099906
35 210 0 0 0 0.7209382651589182 0.520698070071869
36 216 0 0 0 0.7051952746665472 0.49835776652635627
37 222 0 0 0 0.6953087454509737 0.4802500805841309
38 228 0 0 0 0.679288852213619 0.4532437897598859
39 234 0 0 0 0.7186863629934857 0.5023908118523819
40 240 0 0 0 0.7159092658805594 0.5099691964240861
41 246 0 0 0 0.7609950698568948 0.575206379279865
42 252 0 0 0 0.7651606410667027 0.5754320355258604
43 258 0 0 0 0.7957893877564692 0.6138264544913121
44 264 0 0 0 0.816130285199004 0.6310982750433062
45 270 0 0 0 0.8170444097635308 0.6310927638035712
46 276 0 0 0 0.8210728402264844 0.6310940315329627
47 282 0 0 0 0.8214044527508918 0.6207480173677232
48 288 0 0 0 0.8285313297914414 0.6405547502588033
49 294 0 0 0 0.814880793372736 0.6224670826553431
50 300 0 0 0 0.8284660190587645 0.6377028511614086
51 306 0 0 0 0.8291774071788787 0.6365754101026826
52 312 0 0 0 0.8308445905492086 0.6350733991072245
53 318 0 0 0 0.8360984919347094 0.6400132223290179
54 324 0 0 0 0.8321841152620078 0.6397265251766047
55 330 0 0 0 0.8353345696567951 0.6389499892239445
56 336 0 0 0 0.8339080809273903 0.6381500526874739
57 342 0 0 0 0.8346891967359251 0.6380625411442343
58 348 0 0 0 0.8382791559879427 0.6394666844138602
59 354 0 0 0 0.8409787903387145 0.6407070405968632
60 360 0 0 0 0.8402934124022272 0.6393577292294034
61 366 0 0 0 0.8457335716151497 0.6403466514923386
62 372 0 0 0 0.8426604174682667 0.6397725070175305
63 378 0 0 0 0.8431343648078192 0.6398722501583357
64 384 0 0 0 0.8428370483166985 0.6401251574967057
65 390 0 0 0 0.8447075569603832 0.6401761295043261
66 396 0 0 0 0.8463338884234385 0.6401363097684573
67 402 0 0 0 0.8464998318629329 0.6402379702054054
68 408 0 0 0 0.8461552832891283 0.6398508070529705
69 414 0 0 0 0.8484205327135501 0.6400305915064075
70 420 0 0 0 0.850788817133633 0.6400825812090806
71 426 0 0 0 0.851408327082327 0.639931221156858
72 432 0 0 0 0.849823019813618 0.6399455405681141
73 438 0 0 0 0.8497314592403739 0.6400436497856287
74 444 0 0 0 0.8498388679280836 0.6399045485918194
75 450 0 0 0 0.8494819709714316 0.6399823628947452
76 456 0 0 0 0.8497057735639788 0.6400261858237073
77 462 0 0 0 0.8500910365596661 0.6400056496065334
78 468 0 0 0 0.8501824566580618 0.6400483133255153
79 474 0 0 0 0.8502335661527811 0.6400204076628155
80 480 0 0 0 0.8498590519096232 0.6399923881648303
81 486 0 0 0 0.8499113382993017 0.6400310797781948
82 492 0 0 0 0.8500081340449018 0.6400208648608521
83 498 0 0 0 0.8499693309952708 0.6400008192071535
84 504 0 0 0 0.8499962798977038 0.6400050432103347
85 510 0 0 0 0.8500219186114977 0.6399921430505076
86 516 0 0 0 0.8499642336107035 0.6399911757170528
87 522 0 0 0 0.8500512230108769 0.6399997568679767
88 528 0 0 0 0.8500322629857859 0.6399909001500239
89 534 0 0 0 0.8500588472431423 0.6399928980893694
90 540 0 0 0 0.8500059359763664 0.6399942472147183
91 546 0 0 0 0.8500008628396253 0.6399995397845629
92 552 0 0 0 0.8499982279003551 0.6399998880594648
93 558 0 0 0 0.8500149264357479 0.6399993536819428
94 564 0 0 0 0.8499996948957912 0.6399993963397498
95 570 0 0 0 0.8500036148826514 0.6400008135464195
96 576 0 0 0 0.8500097058489898 0.6399991871884072
97 582 0 0 0 0.8500041948451629 0.639999121691074
98 588 0 0 0 0.8499985959105623 0.6399992013720943
99 594 0 0 0 0.8500004632506495 0.6399997034552567
100 600 0 0 0 0.8500017000786102 0.6399998083403392
101 606 0 0 0 0.8500014416874678 0.640000084106818
102 612 0 0 0 0.8500020248448638 0.6399999360842747
103 618 0 0 0 0.8500003943709172 0.6399998694682928
104 624 0 0 0 0.8499989875835328 0.6399998397893797
105 630 0 0 0 0.8500001330761416 0.6399999704938246
106 636 0 0 0 0.8500002857278773 0.6399999374899467
107 642 0 0 0 0.850000011283485 0.640000022249339
108 648 0 0 0 0.8500002530122841 0.6400000391043403
109 654 0 0 0 0.8500003018449593 0.6400000185570512
110 660 0 0 0 0.8499999296529073 0.6399999893250716
111 666 0 0 0 0.8500001291362144 0.6400000082043382
112 672 0 0 0 0.8500002260153625 0.6399999939840003
113 678 0 0 0 0.8500000594381344 0.6399999986363849
114 684 0 0 0 0.8499999762763882 0.6399999970011709
115 690 0 0 0 0.8500000077668348 0.6400000056615143
116 696 0 0 0 0.8500000071650805 0.6400000073644329
117 702 0 0 0 0.8499999689728637 0.6400000027839862
118 708 0 0 0 0.85000000884843 0.6399999988345119
119 714 0 0 0 0.8500000144728268 0.6400000040538416
120 720 0 0 0 0.8499999982976335 0.6400000021200021
121 726 0 0 0 0.8499999828156307 0.640000001247409
122 732 0 0 0 0.8499999916459707 0.6400000014681038
122 732 0 0 0 0.8499999916459707 0.6400000014681038
