% # columns="iter, evals, sigma, 0, fitness, xbest" seed=885828, Sat Jul 11 02:31:18 2026, <python>{}</python>
1 6 0.7385328015574415 0 1.3048784488449032 -0.07003123181460062 0.044893323376453416
2 12 0.5827480088004819 0 3.21251114454012 -0.39711970100162625 0.045429051440955985
3 18 0.4713249074894145 0 1.4109567932121934 0.1743825375442469 -0.05499053147178105
4 24 0.5093149275160916 0 1.7840075890175602 0.11117941699767331 0.11206069025872631
5 30 0.4312432762107248 0 0.7372904943142348 0.19064973716483347 0.0076693435581599995
6 36 0.3258993754114603 0 0.7184803551911676 0.15307270843542933 0.019975074103884168
7 42 0.25627748654973637 0 0.6654822265543542 0.18763949729541565 0.027756976956933112
8 48 0.23948987035244382 0 0.6336263601020427 0.20493212565890692 0.03813267707444702
9 54 0.1714619041263943 0 0.7578603307653186 0.19123359568027953 0.004358918383581042
10 60 0.17832694221365197 0 0.6418827270783045 0.19910895158369102 0.04178038875082653
11 66 0.20515141265436132 0 0.5669464516496537 0.24709081874260352 0.06019238313660668
12 72 0.1967252952139915 0 0.5245664652167669 0.2793216007894628 0.07081700884161755
13 78 0.2549641426082851 0 0.41676911746123063 0.3932020277017132 0.13257028974456025
14 84 0.23246846661013876 0 0.5065875751109092 0.39694834704302834 0.11976372075538551
15 90 0.183860182881929 0 0.43066623164089163 0.344878693787471 0.12279138587888543
16 96 0.17195813767771864 0 0.44887590434635016 0.38902532221686065 0.12384782089223828
17 102 0.16979174519888884 0 0.418202679449465 0.3901329066945442 0.1306944292148003
18 108 0.2390022077817405 0 0.3873853791941029 0.4553226161770926 0.17720026406919664
19 114 0.290435310705633 0 0.39758758306032527 0.38296007617507805 0.15963891125462293
20 120 0.30028302663856543 0 0.3145682807426137 0.49169861265714 0.21806141247570726
21 126 0.24312480228348637 0 0.3400019692303547 0.47012138287388505 0.19667677288582075
22 132 0.18368288784155054 0 0.3224668566039904 0.4332138848664179 0.18418091020305824
23 138 0.19895709474895512 0 0.28926479403942895 0.4622604960894231 0.21267967931608375
24 144 0.16076364404416427 0 0.30627755897775116 0.4526063413518404 0.19670526668330482
25 150 0.17162991472629005 0 0.267726968048248 0.48782312251005105 0.23062169531524876
26 156 0.1829024662427837 0 0.26134758706015543 0.5058256416559154 0.24276786840348835
27 162 0.2758649285466508 0 0.2135726249796859 0.5574459887419805 0.29743491767657715
28 168 0.33625026709120087 0 0.20625231366866176 0.5527062452687309 0.29762250757762615
29 174 0.5621313499740267 0 0.14910900455412296 0.6194107429035673 0.3771421712493912
30 180 0.6907103766802604 0 0.11338413398668361 0.6930744944098933 0.4665027537256995
31 186 1.162878055628957 0 0.09077736712525195 0.7577618823405805 0.5921190021986258
32 192 1.1623661237869813 0 0.05514542552285802 0.7994543481249675 0.6269096989096166
33 198 1.2190556728628168 0 0.26009491852459016 0.796511567254202 0.6811946988661441
34 204 0.9666481577118919 0 0.11192284914728987 0.7762097344620673 0.6273693555961073
35 210 0.9314107347768945 0 0.0940549659574962 0.7085306329532433 0.5115553507164711
36 216 0.802129824305665 0 0.10307971203192966 0.7018300435199447 0.5044710343238862
37 222 0.6672874482457074 0 0.0965947113894998 0.6892940330845495 0.4758780187442186
38 228 0.5946109755043626 0 0.11288758546617844 0.6667164086286783 0.4402567911746317
39 234 0.5225491337551008 0 0.10044875874201335 0.684184995464668 0.46544519801232165
40 240 0.5290393553208232 0 0.09229190555469131 0.6990402160592984 0.4927986171596265
41 246 0.7030110075024734 0 0.05519905951539568 0.7651040315123415 0.5858631728113521
42 252 0.6091384550964526 0 0.05686548605035095 0.7707096038816884 0.5874424154840455
43 258 0.5976595949509339 0 0.0532064823004968 0.7965919667562134 0.6454361023117743
44 264 0.6637160215670561 0 0.044269585600877064 0.7971144919480656 0.6409656107103254
45 270 0.5805822875849137 0 0.04244900662231723 0.7966549368623418 0.6379753995100456
46 276 0.5383711161692506 0 0.04738029652059644 0.794111824158126 0.6235493443901235
47 282 0.670743436033798 0 0.05640628937514341 0.7968411048109721 0.6226542209309899
48 288 0.5332138158741851 0 0.04167229581109339 0.7962980255106107 0.6327571235175571
49 294 0.444750656224863 0 0.044886308264212804 0.7944476378467632 0.6260142774390475
50 300 0.3798241195609892 0 0.04110759634949697 0.7987422280969498 0.6404445605522243
51 306 0.3155935417339499 0 0.04053506118259663 0.7986746397079924 0.6380589576672347
52 312 0.3146618596251915 0 0.04056594040660443 0.7987300547338235 0.6372190370340438
53 318 0.3012450223106777 0 0.0407188119923126 0.7989593769803047 0.6400724036859463
54 324 0.266894793263505 0 0.04111035069998912 0.7973702007047715 0.6365169774373486
55 330 0.2452907404570856 0 0.04052027350186431 0.7993425730445434 0.6405512671149377
56 336 0.18688700515676954 0 0.040614409349504395 0.7985674475673684 0.6383371538528348
57 342 0.1498405363825384 0 0.040428426906524116 0.7989359019071168 0.6384272363300026
58 348 0.18550451939369103 0 0.040347601420322815 0.7994205608025624 0.6401478957324277
59 354 0.21510965408165167 0 0.0402561819715636 0.7996405571366961 0.6404846225576257
60 360 0.19827914077476175 0 0.04026984950319519 0.7994096952505529 0.6384781139980276
61 366 0.25592219747473044 0 0.04005075900964561 0.7999301516093471 0.6403658955939857
62 372 0.19972417162928358 0 0.040185132036716434 0.7995794051117759 0.6389183585803129
63 378 0.15033617023466572 0 0.04007634274373032 0.7998207779094774 0.6399282601928388
64 384 0.12439523506057423 0 0.04013442576253405 0.7997518103483882 0.6401953119669085
65 390 0.1334950659995535 0 0.04006661561140829 0.7998495857721051 0.6400128809794484
66 396 0.1653966806975849 0 0.04002275495950674 0.7999548100419773 0.6401439603150871
67 402 0.14657750904393488 0 0.04003123668093693 0.7999275060383533 0.6400334753096124
68 408 0.1382316449417088 0 0.04002958324364384 0.7999284194932385 0.6397882180397666
69 414 0.1566241529983177 0 0.04000346178700882 0.7999959719222983 0.6401295896354104
70 420 0.19832650074053812 0 0.04000945280832798 0.7999966598211427 0.6402795544022064
71 426 0.19985044187733422 0 0.040004632292104665 0.7999899232204373 0.6399063221939233
72 432 0.14381627446215192 0 0.04000012223137403 0.7999999669966177 0.6399669275004641
73 438 0.11524772230873342 0 0.040000612774253486 0.7999985253752498 0.6399825005302807
74 444 0.099062805476584 0 0.04000045137184511 0.7999991343810609 0.6399661922529836
75 450 0.08025186482599182 0 0.04000222248850867 0.7999968513391704 0.6398968288624772
76 456 0.0657302711554597 0 0.04000001615344048 0.7999999984738122 0.6400124647010599
77 462 0.05958422185823915 0 0.04000007092785033 0.799999998233107 0.6400264964358121
78 468 0.05246503620777062 0 0.04000025349596877 0.799999872857541 0.6400448120104363
79 474 0.042979005622406835 0 0.04000021691412992 0.7999994595017684 0.6400018083008712
80 480 0.04777376897641564 0 0.04000009435118869 0.7999997655622149 0.6400020249405806
81 486 0.04206143433805585 0 0.040000075291725064 0.7999999261962966 0.6400212758941296
82 492 0.031556290621464214 0 0.04000008118097356 0.7999998967937687 0.6400198094715116
83 498 0.029265118912435793 0 0.04000001566162471 0.7999999630770751 0.6400029283191611
84 504 0.022218128853081488 0 0.04000000866268829 0.7999999942377491 0.640007964354199
85 510 0.02257540287176623 0 0.04000001004199179 0.7999999961647108 0.6399907700486477
86 516 0.01961717322909256 0 0.04000002119906452 0.799999966700999 0.639991070087652
87 522 0.01957022979310928 0 0.04000000878758815 0.7999999825505852 0.6400042239298726
88 528 0.01665054037579087 0 0.04000001012217194 0.7999999966392506 0.6399906255928812
89 534 0.013901985769155089 0 0.040000015131395894 0.7999999642422416 0.6399970647826132
90 540 0.013771035493393395 0 0.040000003603823116 0.7999999975594435 0.6399948700825134
91 546 0.015213768728458546 0 0.04000000027674414 0.7999999999846019 0.6399983550288351
92 552 0.013162771211787293 0 0.0400000002300764 0.7999999996220153 0.6399991112369311
93 558 0.010527232351907284 0 0.040000000497188305 0.7999999991521156 0.639998741525437
94 564 0.00845904806262695 0 0.04000000039146947 0.7999999996655619 0.6399983941791805
95 570 0.007535748745864515 0 0.04000000006122513 0.7999999999956997 0.6400007713880271
96 576 0.006484994332629221 0 0.04000000026004118 0.7999999998013655 0.6399986558541855
97 582 0.005407939663904674 0 0.040000000022410886 0.799999999985815 0.6399995908702221
98 588 0.0049077490425862855 0 0.04000000003719845 0.7999999999998145 0.6399993907029087
99 594 0.004110974644039288 0 0.040000000002421786 0.7999999999940743 0.6400000226882758
100 600 0.0033275202715770855 0 0.04000000002945054 0.7999999999303545 0.6400001260768395
101 606 0.0029601571112406783 0 0.04000000000160566 0.7999999999969671 0.6400000626460536
102 612 0.0021855312785221555 0 0.04000000003613098 0.799999999911443 0.640000084011515
103 618 0.001920199958568453 0 0.04000000000390208 0.7999999999927273 0.6399999003388999
104 624 0.001885041414300849 0 0.04000000000497838 0.7999999999970866 0.6399998047257813
105 630 0.00158903826047694 0 0.04000000000059382 0.7999999999985726 0.6399999848736222
106 636 0.0011792352008396477 0 0.04000000000165911 0.7999999999970018 0.6399999321851618
107 642 0.0011212902819453389 0 0.040000000000228374 0.7999999999997742 0.6400000371568298
108 648 0.0009661417975372568 0 0.040000000000158874 0.7999999999997992 0.6400000280278708
109 654 0.0007147799309627601 0 0.04000000000017515 0.7999999999995961 0.6400000116646799
110 660 0.0008062124490961027 0 0.040000000000069216 0.7999999999998276 0.6400000016305021
111 666 0.0005765583641430868 0 0.04000000000015155 0.7999999999996781 0.6399999849048743
112 672 0.0004907407435255042 0 0.040000000000095084 0.7999999999997839 0.639999990704889
113 678 0.00043638883164053325 0 0.04000000000000378 0.7999999999999925 0.6399999972069831
114 684 0.0004010277227557505 0 0.04000000000000388 0.7999999999999908 0.6400000014459523
115 690 0.000326470081829465 0 0.040000000000001014 0.799999999999998 0.6400000015049032
116 696 0.00025467577766077437 0 0.04000000000000551 0.799999999999999 0.6400000071590898
117 702 0.00022401341289784426 0 0.04000000000000239 0.7999999999999956 0.6400000025086511
118 708 0.00022034186077949427 0 0.04000000000000034 0.7999999999999992 0.640000000006503
119 714 0.00018137566366424314 0 0.04000000000000482 0.7999999999999927 0.6400000043698695
120 720 0.00014108224753178205 0 0.04000000000000025 0.7999999999999996 0.6400000009506316
121 726 0.00012709603336772906 0 0.04000000000000074 0.7999999999999995 0.6400000023311914
122 732 9.126547457982456e-05 0 0.0400000000000004 0.8 0.6400000020519931
122 732 9.126547457982456e-05 0 0.0400000000000004 0.8 0.6400000020519931
