% # columns="iteration, evaluation, sigma, beta, void,  sigvec==sigma_vec.scaling factors from diagonal decoding", seed=735216, Fri Jan 16 13:10:13 2026, <python>{}</python>
1 6 1.1680614784892793 1 0 0.41174814440555074 0.5999850001874985
2 12 0.9570317056325721 1 0 0.41174814440555074 0.5999850001874985
3 18 0.9827084476934449 1 0 0.41174814440555074 0.5999850001874985
4 24 0.8554947855615884 1 0 0.41174814440555074 0.5999850001874985
5 30 0.6747215470497951 1 0 0.41174814440555074 0.5999850001874985
6 36 0.769311258641221 1 0 0.41174814440555074 0.5999850001874985
7 42 0.5985697363297784 1 0 0.41174814440555074 0.5999850001874985
8 48 0.6217356016024315 1 0 0.41174814440555074 0.5999850001874985
9 54 0.5885996284463957 1 0 0.41174814440555074 0.5999850001874985
10 60 0.7196214871008921 1 0 0.41174814440555074 0.5999850001874985
11 66 0.7988517557560556 1 0 0.41174814440555074 0.5999850001874985
12 72 0.7838921083392661 1 0 0.41174814440555074 0.5999850001874985
13 78 0.6688006096156263 1 0 0.41174814440555074 0.5999850001874985
14 84 0.6398199604461103 1 0 0.41174814440555074 0.5999850001874985
15 90 0.7397840295347723 1 0 0.41174814440555074 0.5999850001874985
16 96 0.6998836526112336 1 0 0.41174814440555074 0.5999850001874985
17 102 0.5442598355527157 1 0 0.41174814440555074 0.5999850001874985
18 108 0.543401446758835 1 0 0.41174814440555074 0.5999850001874985
19 114 0.43043713010531887 1 0 0.41174814440555074 0.5999850001874985
20 120 0.49714914444515046 1 0 0.41174814440555074 0.5999850001874985
21 126 0.5823231708725809 1 0 0.41174814440555074 0.5999850001874985
22 132 0.5404628477085159 1 0 0.41174814440555074 0.5999850001874985
23 138 0.572414660742338 1 0 0.41174814440555074 0.5999850001874985
24 144 0.4261524146405611 1 0 0.41174814440555074 0.5999850001874985
25 150 0.41774217401853403 1 0 0.41174814440555074 0.5999850001874985
26 156 0.43721598435698344 1 0 0.41174814440555074 0.5999850001874985
27 162 0.35532208850610214 1 0 0.41174814440555074 0.5999850001874985
28 168 0.3405054867607882 1 0 0.41174814440555074 0.5999850001874985
29 174 0.27415280041612533 1 0 0.41174814440555074 0.5999850001874985
30 180 0.19914419925298774 1 0 0.41174814440555074 0.5999850001874985
31 186 0.20852176955890334 1 0 0.41174814440555074 0.5999850001874985
32 192 0.23233410509580013 1 0 0.41174814440555074 0.5999850001874985
33 198 0.2399969060799294 1 0 0.41174814440555074 0.5999850001874985
34 204 0.27014799109611826 1 0 0.41174814440555074 0.5999850001874985
35 210 0.23276417954556106 1 0 0.41174814440555074 0.5999850001874985
36 216 0.3168036793666714 1 0 0.41174814440555074 0.5999850001874985
37 222 0.3656210928367384 1 0 0.41174814440555074 0.5999850001874985
38 228 0.36059035823252683 1 0 0.41174814440555074 0.5999850001874985
39 234 0.33007200806148024 1 0 0.41174814440555074 0.5999850001874985
40 240 0.39483711569283964 1 0 0.41174814440555074 0.5999850001874985
41 246 0.39318546703860513 1 0 0.41174814440555074 0.5999850001874985
42 252 0.39644542796491444 1 0 0.41174814440555074 0.5999850001874985
43 258 0.4329899343264795 1 0 0.41174814440555074 0.5999850001874985
44 264 0.6284673502393546 1 0 0.41174814440555074 0.5999850001874985
45 270 0.6699757563812916 1 0 0.41174814440555074 0.5999850001874985
46 276 0.708713170643666 1 0 0.41174814440555074 0.5999850001874985
47 282 0.7220599364091687 1 0 0.41174814440555074 0.5999850001874985
48 288 0.8093805932122421 1 0 0.41174814440555074 0.5999850001874985
49 294 0.7594274430117852 1 0 0.41174814440555074 0.5999850001874985
50 300 0.5961530303971894 1 0 0.41174814440555074 0.5999850001874985
51 306 0.5320404867622666 1 0 0.41174814440555074 0.5999850001874985
52 312 0.5557806949244402 1 0 0.41174814440555074 0.5999850001874985
53 318 0.507902766128961 1 0 0.41174814440555074 0.5999850001874985
54 324 0.42122645784249796 1 0 0.41174814440555074 0.5999850001874985
55 330 0.3417905343577678 1 0 0.41174814440555074 0.5999850001874985
56 336 0.28628592488216786 1 0 0.41174814440555074 0.5999850001874985
57 342 0.27068064264404135 1 0 0.41174814440555074 0.5999850001874985
58 348 0.22288897564242485 1 0 0.41174814440555074 0.5999850001874985
59 354 0.19804796807735728 1 0 0.41174814440555074 0.5999850001874985
60 360 0.2182472815429966 1 0 0.41174814440555074 0.5999850001874985
61 366 0.17886209922991742 1 0 0.41174814440555074 0.5999850001874985
62 372 0.12627385163016264 1 0 0.41174814440555074 0.5999850001874985
63 378 0.17783414413336515 1 0 0.41174814440555074 0.5999850001874985
64 384 0.2916293378760183 1 0 0.41174814440555074 0.5999850001874985
65 390 0.34588361937991646 1 0 0.41174814440555074 0.5999850001874985
66 396 0.2951154562407565 1 0 0.41174814440555074 0.5999850001874985
67 402 0.2569383012320188 1 0 0.41174814440555074 0.5999850001874985
68 408 0.19958107230984115 1 0 0.41174814440555074 0.5999850001874985
69 414 0.1826998886190121 1 0 0.41174814440555074 0.5999850001874985
70 420 0.18557447435567687 1 0 0.41174814440555074 0.5999850001874985
71 426 0.17423419736133394 1 0 0.41174814440555074 0.5999850001874985
72 432 0.22659286788475827 1 0 0.41174814440555074 0.5999850001874985
73 438 0.2421050494406044 1 0 0.41174814440555074 0.5999850001874985
74 444 0.20735373443037272 1 0 0.41174814440555074 0.5999850001874985
75 450 0.2646614614990416 1 0 0.41174814440555074 0.5999850001874985
76 456 0.2320065396061104 1 0 0.41174814440555074 0.5999850001874985
77 462 0.20915156587750197 1 0 0.41174814440555074 0.5999850001874985
78 468 0.17965758196839118 1 0 0.41174814440555074 0.5999850001874985
79 474 0.13522817645314156 1 0 0.41174814440555074 0.5999850001874985
80 480 0.09929783896569036 1 0 0.41174814440555074 0.5999850001874985
81 486 0.09146755955066953 1 0 0.41174814440555074 0.5999850001874985
82 492 0.08757347150942472 1 0 0.41174814440555074 0.5999850001874985
83 498 0.07457433370319796 1 0 0.41174814440555074 0.5999850001874985
84 504 0.07722742719709316 1 0 0.41174814440555074 0.5999850001874985
85 510 0.05756050303250673 1 0 0.41174814440555074 0.5999850001874985
86 516 0.0464814385733437 1 0 0.41174814440555074 0.5999850001874985
87 522 0.03869213034709446 1 0 0.41174814440555074 0.5999850001874985
88 528 0.03152925166193058 1 0 0.41174814440555074 0.5999850001874985
89 534 0.026570129597268684 1 0 0.41174814440555074 0.5999850001874985
90 540 0.021897422090802886 1 0 0.41174814440555074 0.5999850001874985
91 546 0.01586031212304122 1 0 0.41174814440555074 0.5999850001874985
92 552 0.011164587700526708 1 0 0.41174814440555074 0.5999850001874985
93 558 0.0105354833413213 1 0 0.41174814440555074 0.5999850001874985
94 564 0.009014815280718198 1 0 0.41174814440555074 0.5999850001874985
95 570 0.008109124310369002 1 0 0.41174814440555074 0.5999850001874985
96 576 0.006456691713865044 1 0 0.41174814440555074 0.5999850001874985
97 582 0.006549211727074024 1 0 0.41174814440555074 0.5999850001874985
98 588 0.005463875355724393 1 0 0.41174814440555074 0.5999850001874985
99 594 0.005480390261782794 1 0 0.41174814440555074 0.5999850001874985
100 600 0.004293716315578792 1 0 0.41174814440555074 0.5999850001874985
101 606 0.004840866390124938 1 0 0.41174814440555074 0.5999850001874985
102 612 0.0039868138649157316 1 0 0.41174814440555074 0.5999850001874985
103 618 0.0030418982034818567 1 0 0.41174814440555074 0.5999850001874985
104 624 0.0024842559957061554 1 0 0.41174814440555074 0.5999850001874985
105 630 0.0023202907215082624 1 0 0.41174814440555074 0.5999850001874985
106 636 0.001807179145328458 1 0 0.41174814440555074 0.5999850001874985
107 642 0.0015429100558601138 1 0 0.41174814440555074 0.5999850001874985
108 648 0.0012545969955654918 1 0 0.41174814440555074 0.5999850001874985
109 654 0.0009516497209962157 1 0 0.41174814440555074 0.5999850001874985
110 660 0.0008265634919862759 1 0 0.41174814440555074 0.5999850001874985
111 666 0.0006566196970518223 1 0 0.41174814440555074 0.5999850001874985
112 672 0.0005430168817472179 1 0 0.41174814440555074 0.5999850001874985
113 678 0.000405517554701627 1 0 0.41174814440555074 0.5999850001874985
114 684 0.00032946207920494554 1 0 0.41174814440555074 0.5999850001874985
115 690 0.0002695484665260181 1 0 0.41174814440555074 0.5999850001874985
116 696 0.00021737318203513312 1 0 0.41174814440555074 0.5999850001874985
117 702 0.00018254394606372884 1 0 0.41174814440555074 0.5999850001874985
118 708 0.00016278057507668314 1 0 0.41174814440555074 0.5999850001874985
119 714 0.00014783965496111692 1 0 0.41174814440555074 0.5999850001874985
120 720 0.00012651457035767238 1 0 0.41174814440555074 0.5999850001874985
121 726 0.00011193530265942517 1 0 0.41174814440555074 0.5999850001874985
122 732 0.00010231097109259383 1 0 0.41174814440555074 0.5999850001874985
123 738 0.00010202884479033349 1 0 0.41174814440555074 0.5999850001874985
124 744 7.460939838881565e-05 1 0 0.41174814440555074 0.5999850001874985
125 750 6.90419182252954e-05 1 0 0.41174814440555074 0.5999850001874985
126 756 4.948907708774681e-05 1 0 0.41174814440555074 0.5999850001874985
126 756 4.948907708774681e-05 1 0 0.41174814440555074 0.5999850001874985
