% # columns="iteration, evaluation, void, void, void, xmean", seed=264181, Tue Jul 22 08:22:41 2025, <python>{}</python> # scaling_of_variables: 1, typical_x: 0
1 6 0 0 0 -0.883018042347212 0.8954008120246264
2 12 0 0 0 -1.4521067764867723 1.1799879399407698
3 18 0 0 0 -1.2944352286928578 1.0827234020782517
4 24 0 0 0 -1.1822683323693872 0.6872490317929384
5 30 0 0 0 -1.3044866965081026 0.8971232200404268
6 36 0 0 0 -1.2751678379995386 0.8733357432934903
7 42 0 0 0 -1.317306194923555 0.9893609800665975
8 48 0 0 0 -1.357192334738012 1.0973636662051984
9 54 0 0 0 -1.4440721027526202 1.2571851043958993
10 60 0 0 0 -1.5647943196712704 1.3584131268552064
11 66 0 0 0 -1.786800414801901 1.4613132703107141
12 72 0 0 0 -1.7138552235140807 1.3936248486402025
13 78 0 0 0 -1.726072236195038 1.541059310497535
14 84 0 0 0 -1.9136970288459478 1.7228822255651417
15 90 0 0 0 -1.8882027221201598 1.6451050788830675
16 96 0 0 0 -1.809803610309967 1.5830164608865473
17 102 0 0 0 -1.878153941820476 1.686603070797319
18 108 0 0 0 -1.8670922012129734 1.643768958671939
19 114 0 0 0 -1.8864040522677246 1.6730743537159878
20 120 0 0 0 -1.9058961813482092 1.6803125012416436
21 126 0 0 0 -1.903923215876207 1.6559109304526387
22 132 0 0 0 -1.9148078304121265 1.6619854367195144
23 138 0 0 0 -1.9475355230979234 1.6791866235125612
24 144 0 0 0 -1.964274432051595 1.6844298297434346
25 150 0 0 0 -2.000689162882554 1.6948174045340025
26 156 0 0 0 -2.048521065852252 1.7099824277974112
27 162 0 0 0 -2.103512353443244 1.7134306983003396
28 168 0 0 0 -2.137168488969344 1.7157512670767912
29 174 0 0 0 -2.1511077812530055 1.6965114361809297
30 180 0 0 0 -2.1955630383111124 1.7147733636711953
31 186 0 0 0 -2.199111908047816 1.6965344393498887
32 192 0 0 0 -2.2306122387391616 1.7032049227532986
33 198 0 0 0 -2.225968239533768 1.7030117752963139
34 204 0 0 0 -2.236871096970922 1.6906010959706534
35 210 0 0 0 -2.255995226231488 1.6832716787824267
36 216 0 0 0 -2.2374633473392835 1.6809599029915383
37 222 0 0 0 -2.23497275821683 1.674809381970625
38 228 0 0 0 -2.255298469945143 1.6775100715906361
39 234 0 0 0 -2.29220558250995 1.6767794997572598
40 240 0 0 0 -2.346333712470499 1.6567429288113718
41 246 0 0 0 -2.317016925039505 1.669684648147229
42 252 0 0 0 -2.37191921723446 1.6654226990898546
43 258 0 0 0 -2.357236740018035 1.645917028993203
44 264 0 0 0 -2.3744703076033082 1.6234822585885462
45 270 0 0 0 -2.397303801560641 1.6103515290056327
46 276 0 0 0 -2.3704900610155333 1.6075130546545275
47 282 0 0 0 -2.4338617372737117 1.5817076848343494
48 288 0 0 0 -2.4388141445094353 1.5758986991882469
49 294 0 0 0 -2.4745791523397753 1.5747625389909654
50 300 0 0 0 -2.4608268446819133 1.566876147746749
51 306 0 0 0 -2.4828627415160174 1.5598282523844884
52 312 0 0 0 -2.48050835279309 1.5462594943637504
53 318 0 0 0 -2.4604138887426976 1.5719070213853144
54 324 0 0 0 -2.478889710012177 1.5579360856570905
55 330 0 0 0 -2.490650315480415 1.5494323038662299
56 336 0 0 0 -2.515207415615082 1.5353216689257028
57 342 0 0 0 -2.556669214215381 1.5075136102162485
58 348 0 0 0 -2.579512633559015 1.4781841500931503
59 354 0 0 0 -2.527270143858942 1.5283003862588793
60 360 0 0 0 -2.5794426889401176 1.4897583655245512
61 366 0 0 0 -2.588307947264045 1.468430263938976
62 372 0 0 0 -2.6311839819936647 1.4327930883939377
63 378 0 0 0 -2.6413410825175916 1.4152649238111752
64 384 0 0 0 -2.6366356447797554 1.4016510324746883
65 390 0 0 0 -2.731218627614865 1.3118099075995977
66 396 0 0 0 -2.76966119173366 1.2684025291052154
67 402 0 0 0 -2.934631505419373 1.097455460795629
68 408 0 0 0 -2.9195117867431146 1.1132702513433437
69 414 0 0 0 -2.906844382093917 1.1399580359628652
70 420 0 0 0 -2.9556228179994686 1.0838213736580435
71 426 0 0 0 -2.977153181064871 1.0542556492626793
72 432 0 0 0 -2.9662692448122905 1.0658084479067833
73 438 0 0 0 -2.9587147633867112 1.0667341333585372
74 444 0 0 0 -2.976544840070748 1.0559898664595802
75 450 0 0 0 -2.9691874128585067 1.0599276749059172
76 456 0 0 0 -2.9718429554014145 1.0650227471857558
77 462 0 0 0 -2.97349247572999 1.0671765756945433
78 468 0 0 0 -2.9706262775331878 1.065798627854832
79 474 0 0 0 -2.974816364482682 1.065541669360606
80 480 0 0 0 -2.97288052311645 1.063948925067777
81 486 0 0 0 -2.974702335452352 1.0651696859226094
82 492 0 0 0 -2.972636680752984 1.0633535297231922
83 498 0 0 0 -2.968629561742613 1.0639603565696387
84 504 0 0 0 -2.965296782655802 1.0630568035028394
85 510 0 0 0 -2.964918202195476 1.0622869402311672
86 516 0 0 0 -2.9601533677370346 1.060700396988505
87 522 0 0 0 -2.9586552397112933 1.0605879313942408
88 528 0 0 0 -2.9523482664063123 1.060003742204743
89 534 0 0 0 -2.949708456540933 1.0598231251193497
90 540 0 0 0 -2.949037823362285 1.0600743893280686
91 546 0 0 0 -2.9468397976725274 1.0597007889163106
92 552 0 0 0 -2.9506593287645924 1.0603292194716971
93 558 0 0 0 -2.9527773414047136 1.0602484171423554
94 564 0 0 0 -2.951549285047401 1.060277961587692
95 570 0 0 0 -2.9518301207252424 1.0600122618582788
96 576 0 0 0 -2.9497756916735174 1.0598747434945475
97 582 0 0 0 -2.949628898855837 1.0600566625242427
98 588 0 0 0 -2.9489932262320946 1.0600166369428
99 594 0 0 0 -2.9494102471091677 1.0599696666999343
100 600 0 0 0 -2.9503129524867235 1.0599990877898806
101 606 0 0 0 -2.950690358245384 1.0599412342840582
102 612 0 0 0 -2.949869217968054 1.0599869197030514
103 618 0 0 0 -2.9504131162101075 1.05999455431982
104 624 0 0 0 -2.9504395684914386 1.0600208974499195
105 630 0 0 0 -2.95047520978234 1.0600164547358184
106 636 0 0 0 -2.9500648775204934 1.059993625820488
107 642 0 0 0 -2.9500159570117113 1.0600006427822717
108 648 0 0 0 -2.9500380604065977 1.060010478690191
109 654 0 0 0 -2.9500381499602706 1.0600138174710072
110 660 0 0 0 -2.9500380167406552 1.0600173764271579
111 666 0 0 0 -2.9499553756111863 1.0600118559794052
112 672 0 0 0 -2.9499797903624083 1.0600002024026578
113 678 0 0 0 -2.9500464729838174 1.059995420472429
114 684 0 0 0 -2.9500018887249184 1.0600002577095835
115 690 0 0 0 -2.950014035506744 1.0599990946107332
116 696 0 0 0 -2.9499960703484813 1.0600007833865985
117 702 0 0 0 -2.949962674048129 1.0599986061367312
118 708 0 0 0 -2.9499636191586522 1.0599963292192218
119 714 0 0 0 -2.9499901005532734 1.0599987938359816
120 720 0 0 0 -2.9500130369005326 1.0599995070215562
121 726 0 0 0 -2.9499991315029113 1.060000951572018
122 732 0 0 0 -2.949991014673178 1.059999614398421
123 738 0 0 0 -2.9500029724625523 1.0599997573856417
124 744 0 0 0 -2.9500090026716514 1.0600008073610732
125 750 0 0 0 -2.9499970454860227 1.0600001122441556
126 756 0 0 0 -2.950000680326482 1.0600002680854588
127 762 0 0 0 -2.9500013110187 1.0599999396423225
128 768 0 0 0 -2.9500024009514627 1.0600002412839853
129 774 0 0 0 -2.949998381093702 1.0599998386915472
130 780 0 0 0 -2.9500002402574887 1.0599999061449499
131 786 0 0 0 -2.9499995255107323 1.060000032417956
132 792 0 0 0 -2.95000135815092 1.06000003389139
133 798 0 0 0 -2.950000516290973 1.0600000559568392
134 804 0 0 0 -2.9500001750817377 1.0599999315622477
135 810 0 0 0 -2.950000166017128 1.0600000379145567
136 816 0 0 0 -2.9500001067129955 1.059999999206778
137 822 0 0 0 -2.950000070516688 1.0599999928546235
138 828 0 0 0 -2.949999904078754 1.0599999871820796
139 834 0 0 0 -2.9499999979518847 1.0600000030947214
140 840 0 0 0 -2.95000002368009 1.059999995106577
141 846 0 0 0 -2.950000071456943 1.0600000009087924
142 852 0 0 0 -2.9500000699291533 1.0600000059695636
143 858 0 0 0 -2.9500000006017486 1.0599999998758678
144 864 0 0 0 -2.9499999936975603 1.05999999924046
145 870 0 0 0 -2.9499999717873275 1.0600000005817227
146 876 0 0 0 -2.9499999968252073 1.0600000004928447
147 882 0 0 0 -2.950000001665408 1.0600000008794206
148 888 0 0 0 -2.9500000056016358 1.060000000040093
148 888 0 0 0 -2.9500000056016358 1.060000000040093
