% # columns="iteration, evaluation, min max(neg(.)) min(pos(.)) max correlation, correlation matrix principal axes lengths  (sorted square roots of eigenvalues of correlation matrix)", seed=402432, Thu Oct  2 00:49:55 2025
1 6 0.08906971424251268 0.08906971424251268 0.08906971424251268 0.08906971424251268 0.9544266790893301 1.0435850297136848
2 12 0.08906971424251268 0.08906971424251268 0.08906971424251268 0.08906971424251268 0.9544266790893301 1.0435850297136848
3 18 -0.1750833930771077 -0.1750833930771077 -0.1750833930771077 -0.1750833930771077 0.9082491986910267 1.0840126351095303
4 24 -0.1750833930771077 -0.1750833930771077 -0.1750833930771077 -0.1750833930771077 0.9082491986910267 1.0840126351095303
5 30 -0.16774228262760218 -0.16774228262760218 -0.16774228262760218 -0.16774228262760218 0.9122815998212381 1.0806212484620141
6 36 -0.16774228262760218 -0.16774228262760218 -0.16774228262760218 -0.16774228262760218 0.9122815998212381 1.0806212484620141
7 42 -0.08976869989793677 -0.08976869989793677 -0.08976869989793677 -0.08976869989793677 0.9540604279090834 1.0439198723551233
8 48 -0.08976869989793677 -0.08976869989793677 -0.08976869989793677 -0.08976869989793677 0.9540604279090834 1.0439198723551233
9 54 -0.4172615576519935 -0.4172615576519935 -0.4172615576519935 -0.4172615576519935 0.7633730689171623 1.1904879493938583
10 60 -0.4172615576519935 -0.4172615576519935 -0.4172615576519935 -0.4172615576519935 0.7633730689171623 1.1904879493938583
11 66 -0.4049082926952412 -0.4049082926952412 -0.4049082926952412 -0.4049082926952412 0.7714218737531098 1.185288274089996
12 72 -0.4049082926952412 -0.4049082926952412 -0.4049082926952412 -0.4049082926952412 0.7714218737531098 1.185288274089996
13 78 -0.6112553868171755 -0.6112553868171755 -0.6112553868171755 -0.6112553868171755 0.6234938758182188 1.269352349356622
14 84 -0.6112553868171755 -0.6112553868171755 -0.6112553868171755 -0.6112553868171755 0.6234938758182188 1.269352349356622
15 90 -0.3378202289419643 -0.3378202289419643 -0.3378202289419643 -0.3378202289419643 0.8137442909526527 1.1566417893807763
16 96 -0.3378202289419643 -0.3378202289419643 -0.3378202289419643 -0.3378202289419643 0.8137442909526527 1.1566417893807763
17 102 -0.4864929917796295 -0.4864929917796295 -0.4864929917796295 -0.4864929917796295 0.7165940330622147 1.2192181887503275
18 108 -0.4864929917796295 -0.4864929917796295 -0.4864929917796295 -0.4864929917796295 0.7165940330622147 1.2192181887503275
19 114 -0.7059485708533315 -0.7059485708533315 -0.7059485708533315 -0.7059485708533315 0.5422650912115479 1.306119661766613
20 120 -0.7059485708533315 -0.7059485708533315 -0.7059485708533315 -0.7059485708533315 0.5422650912115479 1.306119661766613
21 126 -0.8157770271844962 -0.8157770271844962 -0.8157770271844962 -0.8157770271844962 0.42921203712792566 1.347507709508371
22 132 -0.8157770271844962 -0.8157770271844962 -0.8157770271844962 -0.8157770271844962 0.42921203712792566 1.347507709508371
23 138 -0.8947583486302209 -0.8947583486302209 -0.8947583486302209 -0.8947583486302209 0.32440969678753306 1.376502215265279
24 144 -0.8947583486302209 -0.8947583486302209 -0.8947583486302209 -0.8947583486302209 0.32440969678753306 1.376502215265279
25 150 -0.9194491698106791 -0.9194491698106791 -0.9194491698106791 -0.9194491698106791 0.2838147814848988 1.385441868073388
26 156 -0.9194491698106791 -0.9194491698106791 -0.9194491698106791 -0.9194491698106791 0.2838147814848988 1.385441868073388
27 162 -0.9354442203140044 -0.9354442203140044 -0.9354442203140044 -0.9354442203140044 0.2540782944015398 1.3912024368559754
28 168 -0.9354442203140044 -0.9354442203140044 -0.9354442203140044 -0.9354442203140044 0.2540782944015398 1.3912024368559754
29 174 -0.9644422698463888 -0.9644422698463888 -0.9644422698463888 -0.9644422698463888 0.18856757450211675 1.4015856270119171
30 180 -0.9644422698463888 -0.9644422698463888 -0.9644422698463888 -0.9644422698463888 0.18856757450211675 1.4015856270119171
31 186 -0.9805662420895144 -0.9805662420895144 -0.9805662420895144 -0.9805662420895144 0.13940501393596172 1.4073259189290568
32 192 -0.9805662420895144 -0.9805662420895144 -0.9805662420895144 -0.9805662420895144 0.13940501393596172 1.4073259189290568
33 198 -0.9842580284402715 -0.9842580284402715 -0.9842580284402715 -0.9842580284402715 0.12546701383123932 1.40863693989625
34 204 -0.9842580284402715 -0.9842580284402715 -0.9842580284402715 -0.9842580284402715 0.12546701383123932 1.40863693989625
35 210 -0.9764306171759698 -0.9764306171759698 -0.9764306171759698 -0.9764306171759698 0.15352323219640093 1.405855830864591
36 216 -0.9764306171759698 -0.9764306171759698 -0.9764306171759698 -0.9764306171759698 0.15352323219640093 1.405855830864591
37 222 -0.9771643344698016 -0.9771643344698016 -0.9771643344698016 -0.9771643344698016 0.1511147429280093 1.40611675705462
38 228 -0.9771643344698016 -0.9771643344698016 -0.9771643344698016 -0.9771643344698016 0.1511147429280093 1.40611675705462
39 234 -0.9793292924726487 -0.9793292924726487 -0.9793292924726487 -0.9793292924726487 0.14377311128076536 1.4068863822187805
40 240 -0.9793292924726487 -0.9793292924726487 -0.9793292924726487 -0.9793292924726487 0.14377311128076536 1.4068863822187805
41 246 -0.977393685686444 -0.977393685686444 -0.977393685686444 -0.977393685686444 0.1503539634115311 1.4061983095162802
42 252 -0.977393685686444 -0.977393685686444 -0.977393685686444 -0.977393685686444 0.1503539634115311 1.4061983095162802
43 258 -0.97894088052829 -0.97894088052829 -0.97894088052829 -0.97894088052829 0.14511760565730844 1.4067483358896467
44 264 -0.97894088052829 -0.97894088052829 -0.97894088052829 -0.97894088052829 0.14511760565730844 1.4067483358896467
45 270 -0.9642164939024228 -0.9642164939024228 -0.9642164939024228 -0.9642164939024228 0.18916528777124275 1.401505081654156
46 276 -0.9642164939024228 -0.9642164939024228 -0.9642164939024228 -0.9642164939024228 0.18916528777124275 1.401505081654156
47 282 -0.9468827088381053 -0.9468827088381053 -0.9468827088381053 -0.9468827088381053 0.23047188800783205 1.3953073886560285
48 288 -0.9468827088381053 -0.9468827088381053 -0.9468827088381053 -0.9468827088381053 0.23047188800783205 1.3953073886560285
49 294 -0.9094419790799687 -0.9094419790799687 -0.9094419790799687 -0.9094419790799687 0.30092859771053854 1.3818255964773443
50 300 -0.9094419790799687 -0.9094419790799687 -0.9094419790799687 -0.9094419790799687 0.30092859771053854 1.3818255964773443
51 306 -0.9237420771586945 -0.9237420771586945 -0.9237420771586945 -0.9237420771586945 0.27614837106400875 1.386990294543799
52 312 -0.9237420771586945 -0.9237420771586945 -0.9237420771586945 -0.9237420771586945 0.27614837106400875 1.386990294543799
53 318 -0.8916889238386984 -0.8916889238386984 -0.8916889238386984 -0.8916889238386984 0.32910648149391075 1.3753868269831213
54 324 -0.8916889238386984 -0.8916889238386984 -0.8916889238386984 -0.8916889238386984 0.32910648149391075 1.3753868269831213
55 330 -0.8703293943156977 -0.8703293943156977 -0.8703293943156977 -0.8703293943156977 0.36009805009788975 1.367599866304358
56 336 -0.8703293943156977 -0.8703293943156977 -0.8703293943156977 -0.8703293943156977 0.36009805009788975 1.367599866304358
57 342 -0.8846596672768934 -0.8846596672768934 -0.8846596672768934 -0.8846596672768934 0.33961792167538296 1.3728290743122005
58 348 -0.8846596672768934 -0.8846596672768934 -0.8846596672768934 -0.8846596672768934 0.33961792167538296 1.3728290743122005
59 354 -0.889004050513276 -0.889004050513276 -0.889004050513276 -0.889004050513276 0.3331605461136176 1.3744104374288184
60 360 -0.889004050513276 -0.889004050513276 -0.889004050513276 -0.889004050513276 0.3331605461136176 1.3744104374288184
61 366 -0.9330882876967144 -0.9330882876967144 -0.9330882876967144 -0.9330882876967144 0.25867298332699074 1.3903554537227933
62 372 -0.9330882876967144 -0.9330882876967144 -0.9330882876967144 -0.9330882876967144 0.25867298332699074 1.3903554537227933
63 378 -0.9010365539274539 -0.9010365539274539 -0.9010365539274539 -0.9010365539274539 0.31458456108421173 1.3787808215693507
64 384 -0.9010365539274539 -0.9010365539274539 -0.9010365539274539 -0.9010365539274539 0.31458456108421173 1.3787808215693507
65 390 -0.8596646514431756 -0.8596646514431756 -0.8596646514431756 -0.8596646514431756 0.3746135990014568 1.3636952194105454
66 396 -0.8596646514431756 -0.8596646514431756 -0.8596646514431756 -0.8596646514431756 0.3746135990014568 1.3636952194105454
67 402 -0.7315476048514833 -0.7315476048514833 -0.7315476048514833 -0.7315476048514833 0.5181239187187914 1.3158828233742863
68 408 -0.7315476048514833 -0.7315476048514833 -0.7315476048514833 -0.7315476048514833 0.5181239187187914 1.3158828233742863
69 414 -0.6233076636303074 -0.6233076636303074 -0.6233076636303074 -0.6233076636303074 0.613752667097824 1.2740909165480725
70 420 -0.6233076636303074 -0.6233076636303074 -0.6233076636303074 -0.6233076636303074 0.613752667097824 1.2740909165480725
71 426 -0.7096592895035693 -0.7096592895035693 -0.7096592895035693 -0.7096592895035693 0.5388327296076499 1.3075394026581262
72 432 -0.7096592895035693 -0.7096592895035693 -0.7096592895035693 -0.7096592895035693 0.5388327296076499 1.3075394026581262
73 438 -0.5907437601941863 -0.5907437601941863 -0.5907437601941863 -0.5907437601941863 0.6397313809762765 1.2612469069116428
74 444 -0.5907437601941863 -0.5907437601941863 -0.5907437601941863 -0.5907437601941863 0.6397313809762765 1.2612469069116428
75 450 -0.5192530598274361 -0.5192530598274361 -0.5192530598274361 -0.5192530598274361 0.6933591711173683 1.2325798391290668
76 456 -0.5192530598274361 -0.5192530598274361 -0.5192530598274361 -0.5192530598274361 0.6933591711173683 1.2325798391290668
77 462 -0.4514109075105201 -0.4514109075105201 -0.4514109075105201 -0.4514109075105201 0.7406680042296142 1.204745162891522
78 468 -0.4514109075105201 -0.4514109075105201 -0.4514109075105201 -0.4514109075105201 0.7406680042296142 1.204745162891522
79 474 -0.247806057195093 -0.247806057195093 -0.247806057195093 -0.247806057195093 0.8672911522694711 1.1170523967993145
80 480 -0.247806057195093 -0.247806057195093 -0.247806057195093 -0.247806057195093 0.8672911522694711 1.1170523967993145
81 486 -0.2129460275151305 -0.2129460275151305 -0.2129460275151305 -0.2129460275151305 0.887160623835881 1.1013382893167432
82 492 -0.2129460275151305 -0.2129460275151305 -0.2129460275151305 -0.2129460275151305 0.887160623835881 1.1013382893167432
83 498 -0.29915089616688717 -0.29915089616688717 -0.29915089616688717 -0.29915089616688717 0.8371673093433073 1.139803007614424
84 504 -0.29915089616688717 -0.29915089616688717 -0.29915089616688717 -0.29915089616688717 0.8371673093433073 1.139803007614424
85 510 -0.41234538077263394 -0.41234538077263394 -0.41234538077263394 -0.41234538077263394 0.7665863416650247 1.1884213818223879
86 516 -0.41234538077263394 -0.41234538077263394 -0.41234538077263394 -0.41234538077263394 0.7665863416650247 1.1884213818223879
87 522 -0.25896907547573084 -0.25896907547573084 -0.25896907547573084 -0.25896907547573084 0.8608315308608702 1.1220379117818304
88 528 -0.25896907547573084 -0.25896907547573084 -0.25896907547573084 -0.25896907547573084 0.8608315308608702 1.1220379117818304
89 534 -0.18318367878140895 -0.18318367878140895 -0.18318367878140895 -0.18318367878140895 0.9037789116916765 1.087742468961017
90 540 -0.18318367878140895 -0.18318367878140895 -0.18318367878140895 -0.18318367878140895 0.9037789116916765 1.087742468961017
91 546 -0.07927913615898813 -0.07927913615898813 -0.07927913615898813 -0.07927913615898813 0.9595420073352764 1.0388836008711408
92 552 -0.07927913615898813 -0.07927913615898813 -0.07927913615898813 -0.07927913615898813 0.9595420073352764 1.0388836008711408
93 558 0.43364687679599817 0.43364687679599817 0.43364687679599817 0.43364687679599817 0.7525643648246985 1.197349939155633
94 564 0.43364687679599817 0.43364687679599817 0.43364687679599817 0.43364687679599817 0.7525643648246985 1.197349939155633
95 570 0.15302773397525943 0.15302773397525943 0.15302773397525943 0.15302773397525943 0.9203109615911028 1.073791289765036
96 576 0.15302773397525943 0.15302773397525943 0.15302773397525943 0.15302773397525943 0.9203109615911028 1.073791289765036
97 582 0.22121189121031717 0.22121189121031717 0.22121189121031717 0.22121189121031717 0.8824897216340158 1.1050845629228188
98 588 0.22121189121031717 0.22121189121031717 0.22121189121031717 0.22121189121031717 0.8824897216340158 1.1050845629228188
99 594 0.44012850111228635 0.44012850111228635 0.44012850111228635 0.44012850111228635 0.7482456140116783 1.2000535409356894
100 600 0.44012850111228635 0.44012850111228635 0.44012850111228635 0.44012850111228635 0.7482456140116783 1.2000535409356894
101 606 0.4279735170812936 0.4279735170812936 0.4279735170812936 0.4279735170812936 0.7563243238972991 1.1949784588356787
102 612 0.4279735170812936 0.4279735170812936 0.4279735170812936 0.4279735170812936 0.7563243238972991 1.1949784588356787
103 618 0.35866198285446815 0.35866198285446815 0.35866198285446815 0.35866198285446815 0.8008358240897642 1.165616567681872
104 624 0.35866198285446815 0.35866198285446815 0.35866198285446815 0.35866198285446815 0.8008358240897642 1.165616567681872
105 630 0.5282965189483382 0.5282965189483382 0.5282965189483382 0.5282965189483382 0.68680672758183 1.2362429045087937
106 636 0.5282965189483382 0.5282965189483382 0.5282965189483382 0.5282965189483382 0.68680672758183 1.2362429045087937
107 642 0.4394093959532331 0.4394093959532331 0.4394093959532331 0.4394093959532331 0.7487259872922583 1.199753889742906
108 648 0.4394093959532331 0.4394093959532331 0.4394093959532331 0.4394093959532331 0.7487259872922583 1.199753889742906
109 654 0.3705191430230034 0.3705191430230034 0.3705191430230034 0.3705191430230034 0.7933982965553913 1.170691736975624
110 660 0.3705191430230034 0.3705191430230034 0.3705191430230034 0.3705191430230034 0.7933982965553913 1.170691736975624
111 666 0.24020921432964776 0.24020921432964776 0.24020921432964776 0.24020921432964776 0.8716597878016125 1.113646808611082
112 672 0.24020921432964776 0.24020921432964776 0.24020921432964776 0.24020921432964776 0.8716597878016125 1.113646808611082
113 678 0.37357954492489515 0.37357954492489515 0.37357954492489515 0.37357954492489515 0.7914672798512298 1.171998099369148
114 684 0.37357954492489515 0.37357954492489515 0.37357954492489515 0.37357954492489515 0.7914672798512298 1.171998099369148
115 690 0.3809556851200005 0.3809556851200005 0.3809556851200005 0.3809556851200005 0.7867936927047646 1.1751407086472667
116 696 0.3809556851200005 0.3809556851200005 0.3809556851200005 0.3809556851200005 0.7867936927047646 1.1751407086472667
117 702 0.2185709773581754 0.2185709773581754 0.2185709773581754 0.2185709773581754 0.883984741181557 1.103889024022875
118 708 0.2185709773581754 0.2185709773581754 0.2185709773581754 0.2185709773581754 0.883984741181557 1.103889024022875
119 714 0.35892162132645555 0.35892162132645555 0.35892162132645555 0.35892162132645555 0.8006737029986338 1.1657279362383213
120 720 0.35892162132645555 0.35892162132645555 0.35892162132645555 0.35892162132645555 0.8006737029986338 1.1657279362383213
121 726 0.35776391892800036 0.35776391892800036 0.35776391892800036 0.35776391892800036 0.8013963320804506 1.1652312727214287
122 732 0.35776391892800036 0.35776391892800036 0.35776391892800036 0.35776391892800036 0.8013963320804506 1.1652312727214287
123 738 0.43246281862144703 0.43246281862144703 0.43246281862144703 0.43246281862144703 0.7533506364094698 1.1968553875140668
124 744 0.43246281862144703 0.43246281862144703 0.43246281862144703 0.43246281862144703 0.7533506364094698 1.1968553875140668
125 750 0.4462971781947442 0.4462971781947442 0.4462971781947442 0.4462971781947442 0.744112102982646 1.202620961980434
126 756 0.4462971781947442 0.4462971781947442 0.4462971781947442 0.4462971781947442 0.744112102982646 1.202620961980434
127 762 0.49628662304848353 0.49628662304848353 0.49628662304848353 0.49628662304848353 0.7097276780227164 1.2232279522020757
128 768 0.49628662304848353 0.49628662304848353 0.49628662304848353 0.49628662304848353 0.7097276780227164 1.2232279522020757
129 774 0.4730654849081658 0.4730654849081658 0.4730654849081658 0.4730654849081658 0.7259025520631777 1.2136990915824917
129 774 0.4730654849081658 0.4730654849081658 0.4730654849081658 0.4730654849081658 0.7259025520631777 1.2136990915824917
