% # columns="iteration, evaluation, sigma, beta, void,  sigvec==sigma_vec.scaling factors from diagonal decoding", seed=402432, Thu Oct  2 00:49:55 2025, <python>{}</python>
1 6 0.8003808921489683 1 0 0.6 0.5999850001874985
2 12 0.8071902338179575 1 0 0.6 0.5999850001874985
3 18 0.609198651325506 1 0 0.6 0.5999850001874985
4 24 0.4880713744889239 1 0 0.6 0.5999850001874985
5 30 0.4884511928408951 1 0 0.6 0.5999850001874985
6 36 0.36063549907489784 1 0 0.6 0.5999850001874985
7 42 0.2856699177535715 1 0 0.6 0.5999850001874985
8 48 0.36530804173035314 1 0 0.6 0.5999850001874985
9 54 0.37896464316447814 1 0 0.6 0.5999850001874985
10 60 0.3570696426328166 1 0 0.6 0.5999850001874985
11 66 0.2693455875475126 1 0 0.6 0.5999850001874985
12 72 0.23350658422426585 1 0 0.6 0.5999850001874985
13 78 0.26190692499845764 1 0 0.6 0.5999850001874985
14 84 0.20255247470736615 1 0 0.6 0.5999850001874985
15 90 0.27883889634918674 1 0 0.6 0.5999850001874985
16 96 0.26581134701245607 1 0 0.6 0.5999850001874985
17 102 0.20270262101953082 1 0 0.6 0.5999850001874985
18 108 0.1906664901770608 1 0 0.6 0.5999850001874985
19 114 0.21793660037333473 1 0 0.6 0.5999850001874985
20 120 0.35404476658963824 1 0 0.6 0.5999850001874985
21 126 0.2709259839769817 1 0 0.6 0.5999850001874985
22 132 0.2957197196703942 1 0 0.6 0.5999850001874985
23 138 0.2657679062460763 1 0 0.6 0.5999850001874985
24 144 0.3096454421106654 1 0 0.6 0.5999850001874985
25 150 0.30821715482185075 1 0 0.6 0.5999850001874985
26 156 0.30703265062061974 1 0 0.6 0.5999850001874985
27 162 0.29539160488982374 1 0 0.6 0.5999850001874985
28 168 0.2623568477848406 1 0 0.6 0.5999850001874985
29 174 0.38427711868997844 1 0 0.6 0.5999850001874985
30 180 0.2771489928881445 1 0 0.6 0.5999850001874985
31 186 0.2609987412735098 1 0 0.6 0.5999850001874985
32 192 0.20394491076997467 1 0 0.6 0.5999850001874985
33 198 0.17098090110077827 1 0 0.6 0.5999850001874985
34 204 0.19078817109835744 1 0 0.6 0.5999850001874985
35 210 0.20666831814111877 1 0 0.6 0.5999850001874985
36 216 0.2985657905541108 1 0 0.6 0.5999850001874985
37 222 0.4758141740624798 1 0 0.6 0.5999850001874985
38 228 0.561768577453776 1 0 0.6 0.5999850001874985
39 234 0.6550465301797597 1 0 0.6 0.5999850001874985
40 240 0.53145447769912 1 0 0.6 0.5999850001874985
41 246 0.43381927436975004 1 0 0.6 0.5999850001874985
42 252 0.35985966488292614 1 0 0.6 0.5999850001874985
43 258 0.3006991513565042 1 0 0.6 0.5999850001874985
44 264 0.2888849834838723 1 0 0.6 0.5999850001874985
45 270 0.22347561167313415 1 0 0.6 0.5999850001874985
46 276 0.21453655346614525 1 0 0.6 0.5999850001874985
47 282 0.15978754728956215 1 0 0.6 0.5999850001874985
48 288 0.13766590208093837 1 0 0.6 0.5999850001874985
49 294 0.10043258969907783 1 0 0.6 0.5999850001874985
50 300 0.07839149353878351 1 0 0.6 0.5999850001874985
51 306 0.0666535677162023 1 0 0.6 0.5999850001874985
52 312 0.05232923735256911 1 0 0.6 0.5999850001874985
53 318 0.07820491552321764 1 0 0.6 0.5999850001874985
54 324 0.12593885526385576 1 0 0.6 0.5999850001874985
55 330 0.1900474468193223 1 0 0.6 0.5999850001874985
56 336 0.2983321047690613 1 0 0.6 0.5999850001874985
57 342 0.2745617080813036 1 0 0.6 0.5999850001874985
58 348 0.2054931862229331 1 0 0.6 0.5999850001874985
59 354 0.16897023767023028 1 0 0.6 0.5999850001874985
60 360 0.2042304669949828 1 0 0.6 0.5999850001874985
61 366 0.20951727797843914 1 0 0.6 0.5999850001874985
62 372 0.21224250591827595 1 0 0.6 0.5999850001874985
63 378 0.28935799748007895 1 0 0.6 0.5999850001874985
64 384 0.46166130458272703 1 0 0.6 0.5999850001874985
65 390 0.45344849496548867 1 0 0.6 0.5999850001874985
66 396 0.36243910503730115 1 0 0.6 0.5999850001874985
67 402 0.374614380616013 1 0 0.6 0.5999850001874985
68 408 0.34059809904289845 1 0 0.6 0.5999850001874985
69 414 0.2646016856293889 1 0 0.6 0.5999850001874985
70 420 0.27209953304995893 1 0 0.6 0.5999850001874985
71 426 0.2846178502733345 1 0 0.6 0.5999850001874985
72 432 0.3103924284426532 1 0 0.6 0.5999850001874985
73 438 0.3924800237052561 1 0 0.6 0.5999850001874985
74 444 0.4115867329664339 1 0 0.6 0.5999850001874985
75 450 0.3020889409757257 1 0 0.6 0.5999850001874985
76 456 0.2724780923389307 1 0 0.6 0.5999850001874985
77 462 0.23107539399702046 1 0 0.6 0.5999850001874985
78 468 0.19904309601931183 1 0 0.6 0.5999850001874985
79 474 0.18115663114654162 1 0 0.6 0.5999850001874985
80 480 0.1464564865173562 1 0 0.6 0.5999850001874985
81 486 0.11876351647358543 1 0 0.6 0.5999850001874985
82 492 0.11368589174542537 1 0 0.6 0.5999850001874985
83 498 0.08813173099196216 1 0 0.6 0.5999850001874985
84 504 0.06812762067024664 1 0 0.6 0.5999850001874985
85 510 0.056358083845774946 1 0 0.6 0.5999850001874985
86 516 0.05175525491328513 1 0 0.6 0.5999850001874985
87 522 0.04157940106645191 1 0 0.6 0.5999850001874985
88 528 0.03454474504258856 1 0 0.6 0.5999850001874985
89 534 0.03020172012236798 1 0 0.6 0.5999850001874985
90 540 0.024913664907698727 1 0 0.6 0.5999850001874985
91 546 0.022000543406999473 1 0 0.6 0.5999850001874985
92 552 0.020707508597858405 1 0 0.6 0.5999850001874985
93 558 0.027243327459646315 1 0 0.6 0.5999850001874985
94 564 0.021797409724739612 1 0 0.6 0.5999850001874985
95 570 0.02056938104671958 1 0 0.6 0.5999850001874985
96 576 0.01560062499967449 1 0 0.6 0.5999850001874985
97 582 0.013386106736401032 1 0 0.6 0.5999850001874985
98 588 0.011129077285309322 1 0 0.6 0.5999850001874985
99 594 0.010221856160558634 1 0 0.6 0.5999850001874985
100 600 0.010712642857577708 1 0 0.6 0.5999850001874985
101 606 0.008794669251580916 1 0 0.6 0.5999850001874985
102 612 0.007023192058534006 1 0 0.6 0.5999850001874985
103 618 0.006687638011379222 1 0 0.6 0.5999850001874985
104 624 0.0070994454061088785 1 0 0.6 0.5999850001874985
105 630 0.00633060455382262 1 0 0.6 0.5999850001874985
106 636 0.005745030083518125 1 0 0.6 0.5999850001874985
107 642 0.0048772716685995384 1 0 0.6 0.5999850001874985
108 648 0.004082152429190089 1 0 0.6 0.5999850001874985
109 654 0.003449042334130299 1 0 0.6 0.5999850001874985
110 660 0.002962170982064889 1 0 0.6 0.5999850001874985
111 666 0.0023265497990242376 1 0 0.6 0.5999850001874985
112 672 0.002210104340317756 1 0 0.6 0.5999850001874985
113 678 0.0019457731485112355 1 0 0.6 0.5999850001874985
114 684 0.0020648356965925416 1 0 0.6 0.5999850001874985
115 690 0.0015724616208713286 1 0 0.6 0.5999850001874985
116 696 0.0012941876697536569 1 0 0.6 0.5999850001874985
117 702 0.0009578576014526104 1 0 0.6 0.5999850001874985
118 708 0.0008254645814904847 1 0 0.6 0.5999850001874985
119 714 0.0005806617885406594 1 0 0.6 0.5999850001874985
120 720 0.0004327974970132015 1 0 0.6 0.5999850001874985
121 726 0.0003248928444252018 1 0 0.6 0.5999850001874985
122 732 0.0002507251245484686 1 0 0.6 0.5999850001874985
123 738 0.0002465640281064693 1 0 0.6 0.5999850001874985
124 744 0.0001895861227263121 1 0 0.6 0.5999850001874985
125 750 0.00016283228154822897 1 0 0.6 0.5999850001874985
126 756 0.00013876736962355237 1 0 0.6 0.5999850001874985
127 762 0.00011379787449873578 1 0 0.6 0.5999850001874985
128 768 0.00010664460285443196 1 0 0.6 0.5999850001874985
129 774 9.265468876877904e-05 1 0 0.6 0.5999850001874985
129 774 9.265468876877904e-05 1 0 0.6 0.5999850001874985
