% # columns="iteration, evaluation, sigma, void, void,  stds==sigma*sigma_vec.scaling*sqrt(diag(C))", seed=402432, Thu Oct  2 00:49:55 2025, <python>{}</python>
1 6 0.8003808921489683 0 0 0.4356688953017707 0.4407077354712246
2 12 0.8071902338179575 0 0 0.4359396488646009 0.4283030764537465
3 18 0.609198651325506 0 0 0.31279623703322307 0.26960512614448895
4 24 0.4880713744889239 0 0 0.24229138076750273 0.18204889110647873
5 30 0.4884511928408951 0 0 0.22886401881356336 0.17194882071590714
6 36 0.36063549907489784 0 0 0.14671327503195514 0.11245805321179088
7 42 0.2856699177535715 0 0 0.10582443604572588 0.07666918171915696
8 48 0.36530804173035314 0 0 0.17932763342278737 0.09061634953940402
9 54 0.37896464316447814 0 0 0.18334719135316932 0.08409075431732395
10 60 0.3570696426328166 0 0 0.15482988764232472 0.07996659422456304
11 66 0.2693455875475126 0 0 0.09337292465179196 0.052309522776155894
12 72 0.23350658422426585 0 0 0.07988927075540511 0.04204728212073312
13 78 0.26190692499845764 0 0 0.10496436993915499 0.043544537135902055
14 84 0.20255247470736615 0 0 0.07729274591637189 0.027991597641898115
15 90 0.27883889634918674 0 0 0.09552671911470931 0.04454462986006624
16 96 0.26581134701245607 0 0 0.09040394444327962 0.042739694951396526
17 102 0.20270262101953082 0 0 0.055217946640389697 0.03085031614550574
18 108 0.1906664901770608 0 0 0.04198801650396573 0.030576528504482177
19 114 0.21793660037333473 0 0 0.05663000904329054 0.03443186738284504
20 120 0.35404476658963824 0 0 0.09824272252506784 0.06152640067712464
21 126 0.2709259839769817 0 0 0.06870084319261725 0.04734271371100177
22 132 0.2957197196703942 0 0 0.0761516206222088 0.054879432074434825
23 138 0.2657679062460763 0 0 0.06519193766926314 0.045738738634165665
24 144 0.3096454421106654 0 0 0.07079876004735063 0.058430175384137355
25 150 0.30821715482185075 0 0 0.06927513973228669 0.05842852913151336
26 156 0.30703265062061974 0 0 0.0620035559811851 0.05662345311036184
27 162 0.29539160488982374 0 0 0.05589102755830176 0.05407085733742399
28 168 0.2623568477848406 0 0 0.04547329201091759 0.045200830545951046
29 174 0.38427711868997844 0 0 0.07591148395309774 0.08944482515150759
30 180 0.2771489928881445 0 0 0.05191810122006172 0.06195549430869536
31 186 0.2609987412735098 0 0 0.04986035880311566 0.05566135801206109
32 192 0.20394491076997467 0 0 0.03361140911778929 0.03874011361277398
33 198 0.17098090110077827 0 0 0.02701295694148289 0.02983376792002873
34 204 0.19078817109835744 0 0 0.03300921764178417 0.03556805144706393
35 210 0.20666831814111877 0 0 0.030253917425040144 0.03277720551249418
36 216 0.2985657905541108 0 0 0.040221933790261316 0.048066777736108325
37 222 0.4758141740624798 0 0 0.0739611833670821 0.08845584744258497
38 228 0.561768577453776 0 0 0.07476180886207026 0.09567120900072974
39 234 0.6550465301797597 0 0 0.08322164238507043 0.11400683444147562
40 240 0.53145447769912 0 0 0.060247318741756026 0.08368613440946256
41 246 0.43381927436975004 0 0 0.04280153406431814 0.05752842583557498
42 252 0.35985966488292614 0 0 0.03368654621080942 0.044197137365894916
43 258 0.3006991513565042 0 0 0.02440228847323881 0.032358502349493695
44 264 0.2888849834838723 0 0 0.021679331155510753 0.02751051861661322
45 270 0.22347561167313415 0 0 0.014182452789965954 0.01717458518029349
46 276 0.21453655346614525 0 0 0.012079306133945278 0.014314280338523092
47 282 0.15978754728956215 0 0 0.007929087520167716 0.009230814770572698
48 288 0.13766590208093837 0 0 0.005989479917860634 0.006745187516695056
49 294 0.10043258969907783 0 0 0.003661210411952653 0.003906367472033059
50 300 0.07839149353878351 0 0 0.002621973056402502 0.002955757211454509
51 306 0.0666535677162023 0 0 0.0019543589855615722 0.0021851913652824843
52 312 0.05232923735256911 0 0 0.0013669283985742685 0.0014407237802535045
53 318 0.07820491552321764 0 0 0.0020353054155418295 0.002052412600556407
54 324 0.12593885526385576 0 0 0.003265639019564102 0.003005369404339629
55 330 0.1900474468193223 0 0 0.004953918223557157 0.004360596121682339
56 336 0.2983321047690613 0 0 0.00774890083091669 0.006822737439553837
57 342 0.2745617080813036 0 0 0.006712812588737357 0.005935012923389546
58 348 0.2054931862229331 0 0 0.004604287020729267 0.0037905601692815854
59 354 0.16897023767023028 0 0 0.0035154296200083633 0.002841762086641943
60 360 0.2042304669949828 0 0 0.005165976877917168 0.003562535516264274
61 366 0.20951727797843914 0 0 0.005185167252683744 0.00362668660221553
62 372 0.21224250591827595 0 0 0.004985695930397586 0.0034666689015506865
63 378 0.28935799748007895 0 0 0.007332701248610448 0.004375592386743209
64 384 0.46166130458272703 0 0 0.011860219179789036 0.007226601551851289
65 390 0.45344849496548867 0 0 0.009518190361814845 0.005549074682107235
66 396 0.36243910503730115 0 0 0.0067409855576901255 0.003762625599538689
67 402 0.374614380616013 0 0 0.006487085517012901 0.003269025755998703
68 408 0.34059809904289845 0 0 0.005330598515634102 0.0028799359909619433
69 414 0.2646016856293889 0 0 0.003480700686492934 0.0018632620356000915
70 420 0.27209953304995893 0 0 0.003666023062862997 0.0017293268588245928
71 426 0.2846178502733345 0 0 0.00397124272133617 0.0018314023129402876
72 432 0.3103924284426532 0 0 0.004631747157839937 0.0018291305935873943
73 438 0.3924800237052561 0 0 0.006095019097329213 0.0019684879511387833
74 444 0.4115867329664339 0 0 0.006685019215164142 0.0017147082852660962
75 450 0.3020889409757257 0 0 0.004275857513074737 0.0009934094587830875
76 456 0.2724780923389307 0 0 0.0034679609381487427 0.0008290869880449916
77 462 0.23107539399702046 0 0 0.0028270957029508945 0.00056861209395891
78 468 0.19904309601931183 0 0 0.0023535705344458454 0.0004159936162675259
79 474 0.18115663114654162 0 0 0.001861802916783706 0.0003247167452568575
80 480 0.1464564865173562 0 0 0.0013124144265073859 0.0002460341717093512
81 486 0.11876351647358543 0 0 0.0009771455246459259 0.00017567075660099104
82 492 0.11368589174542537 0 0 0.0009340149650726175 0.00014574379072668418
83 498 0.08813173099196216 0 0 0.0006195345678700418 0.00010723259956946273
84 504 0.06812762067024664 0 0 0.00042000224134695685 7.19162702608735e-05
85 510 0.056358083845774946 0 0 0.00033758809815079554 5.1297299828513566e-05
86 516 0.05175525491328513 0 0 0.00031776828506060735 3.766987574272123e-05
87 522 0.04157940106645191 0 0 0.00021565025151866788 2.674857807768313e-05
88 528 0.03454474504258856 0 0 0.00014998801222071165 2.084443227520503e-05
89 534 0.03020172012236798 0 0 0.0001262424578286925 1.5635042547195637e-05
90 540 0.024913664907698727 0 0 8.880489804066359e-05 1.1801541718543027e-05
91 546 0.022000543406999473 0 0 6.322837684507443e-05 1.0501644997748154e-05
92 552 0.020707508597858405 0 0 5.849173151290484e-05 8.844182289074322e-06
93 558 0.027243327459646315 0 0 9.118879661226256e-05 1.1971867280383475e-05
94 564 0.021797409724739612 0 0 6.408233994117006e-05 8.273642338369906e-06
95 570 0.02056938104671958 0 0 5.576568527093821e-05 6.795519978636261e-06
96 576 0.01560062499967449 0 0 3.756081229068001e-05 4.791073789150376e-06
97 582 0.013386106736401032 0 0 2.8296287735128013e-05 3.952333810059525e-06
98 588 0.011129077285309322 0 0 2.1916438804868348e-05 2.9928693278199037e-06
99 594 0.010221856160558634 0 0 1.9376758846848378e-05 2.564262563125849e-06
100 600 0.010712642857577708 0 0 2.3012258933785833e-05 2.2644528242337596e-06
101 606 0.008794669251580916 0 0 1.7443539870156764e-05 1.7503696027362968e-06
102 612 0.007023192058534006 0 0 1.2634638680286165e-05 1.2214366772353255e-06
103 618 0.006687638011379222 0 0 9.698697789765937e-06 1.2315679731964491e-06
104 624 0.0070994454061088785 0 0 1.0962951047261397e-05 1.22394695488054e-06
105 630 0.00633060455382262 0 0 9.175520743796794e-06 1.0886086444413879e-06
106 636 0.005745030083518125 0 0 6.748641543201343e-06 9.54118896295683e-07
107 642 0.0048772716685995384 0 0 5.495304779926091e-06 7.135799579221127e-07
108 648 0.004082152429190089 0 0 3.7690370779474876e-06 5.532019005665667e-07
109 654 0.003449042334130299 0 0 2.9278427926773858e-06 4.363546174730359e-07
110 660 0.002962170982064889 0 0 2.2654081964999015e-06 3.4413204992877286e-07
111 666 0.0023265497990242376 0 0 1.4596740893091212e-06 2.4096931211602267e-07
112 672 0.002210104340317756 0 0 1.3547591227416183e-06 2.0187511898489834e-07
113 678 0.0019457731485112355 0 0 1.090745287872653e-06 1.7175323646462997e-07
114 684 0.0020648356965925416 0 0 1.2638460105120904e-06 1.619755883720096e-07
115 690 0.0015724616208713286 0 0 7.695215289120667e-07 1.1837244666001724e-07
116 696 0.0012941876697536569 0 0 5.170564566996692e-07 9.176349342434429e-08
117 702 0.0009578576014526104 0 0 3.442486662569276e-07 5.710274783400239e-08
118 708 0.0008254645814904847 0 0 2.727697218327199e-07 4.492292780509227e-08
119 714 0.0005806617885406594 0 0 1.6635798410877206e-07 2.842593293077741e-08
120 720 0.0004327974970132015 0 0 1.1430741506838481e-07 1.7381487393253897e-08
121 726 0.0003248928444252018 0 0 8.118178161662906e-08 1.1063956110572955e-08
122 732 0.0002507251245484686 0 0 6.0606251887477e-08 7.048101206407563e-09
123 738 0.0002465640281064693 0 0 5.311851126687726e-08 7.016745626375735e-09
124 744 0.0001895861227263121 0 0 3.476730212497339e-08 5.0449332531143094e-09
125 750 0.00016283228154822897 0 0 2.4372467671837554e-08 4.3038546614389905e-09
126 756 0.00013876736962355237 0 0 2.0741021624454894e-08 2.970251272538139e-09
127 762 0.00011379787449873578 0 0 1.5889465710799735e-08 2.2114027919901683e-09
128 768 0.00010664460285443196 0 0 1.4037979468455775e-08 1.942659270521594e-09
129 774 9.265468876877904e-05 0 0 1.0482170485566438e-08 1.632924029570304e-09
129 774 9.265468876877904e-05 0 0 1.0482170485566438e-08 1.632924029570304e-09
