% # columns="iteration, evaluation, sigma, max axis length,  min axis length, all principal axes lengths  (sorted square roots of eigenvalues of C)", seed=402486, Wed Oct  1 15:45:10 2025
1 6 1.5256292613328055 1.0000250003125026 1.0 1.0 1.0000250003125026
2 12 1.568231793485256 1.0982722230311377 1.0331596236805745 1.0331596236805745 1.0982722230311377
3 18 1.5934199512864693 0.9958905490070377 0.8996521065312525 0.8996521065312525 0.9958905490070377
4 24 2.1823630517212496 0.9326492302081887 0.8148362994453955 0.8148362994453955 0.9326492302081887
5 30 2.2504133074243304 1.2896754833146795 0.715475242140098 0.715475242140098 1.2896754833146795
6 36 1.9307281007512023 1.3112685092905465 0.5966370022675881 0.5966370022675881 1.3112685092905465
7 42 1.4460335935783042 1.1238942918668138 0.5860230542812009 0.5860230542812009 1.1238942918668138
8 48 1.45127734579513 0.9922272037531771 0.5514009192000549 0.5514009192000549 0.9922272037531771
9 54 1.294064312241616 1.0799032582859796 0.4507469139585956 0.4507469139585956 1.0799032582859796
10 60 0.98622485797198 0.8882414014342048 0.4477557530486967 0.4477557530486967 0.8882414014342048
11 66 1.3718088998477702 0.8805039431296179 0.3745148237783057 0.3745148237783057 0.8805039431296179
12 72 2.449543108197478 1.0655853911165816 0.37777691655791956 0.37777691655791956 1.0655853911165816
13 78 2.4008781632353062 1.0763913910168024 0.42419522295577583 0.42419522295577583 1.0763913910168024
14 84 2.0001031995223224 1.2000582209742012 0.37753052205948445 0.37753052205948445 1.2000582209742012
15 90 1.9567444138401964 0.953384484618343 0.39890085250311585 0.39890085250311585 0.953384484618343
16 96 1.5792816214699357 0.9831927874546054 0.3442656740489152 0.3442656740489152 0.9831927874546054
17 102 1.2831965368949267 0.9331133991631649 0.27687750225513225 0.27687750225513225 0.9331133991631649
18 108 1.2405573496166897 0.7961660403710573 0.2580061532033275 0.2580061532033275 0.7961660403710573
19 114 1.0995992686441907 0.7867259318388851 0.2262737616617841 0.2262737616617841 0.7867259318388851
20 120 1.0706673111179608 0.6651062941148072 0.2159961863146437 0.2159961863146437 0.6651062941148072
21 126 1.2649086875423523 0.6201308640469421 0.20227508195449143 0.20227508195449143 0.6201308640469421
22 132 1.0804565815672316 0.6624844352142433 0.19804302910738916 0.19804302910738916 0.6624844352142433
23 138 1.0298233370318919 0.5822712805828398 0.1770942361528166 0.1770942361528166 0.5822712805828398
24 144 0.9920202639503398 0.588925236322788 0.14845281675689742 0.14845281675689742 0.588925236322788
25 150 0.9297776453338878 0.5623830660045874 0.13268481493871484 0.13268481493871484 0.5623830660045874
26 156 0.8415600925614214 0.5775185882353642 0.11569409614521466 0.11569409614521466 0.5775185882353642
27 162 0.7304264224064982 0.5558974092009997 0.10111463911700787 0.10111463911700787 0.5558974092009997
28 168 0.7496870423018096 0.46622589028740036 0.09788487507004433 0.09788487507004433 0.46622589028740036
29 174 0.9656959500820055 0.502584743752297 0.08792971641241185 0.08792971641241185 0.502584743752297
30 180 1.358136188713477 0.5655520220643161 0.08728574048741711 0.08728574048741711 0.5655520220643161
31 186 1.2948385518581318 0.7212564769229887 0.07819426244104456 0.07819426244104456 0.7212564769229887
32 192 1.22869676825951 0.6024850401781507 0.07486664258177585 0.07486664258177585 0.6024850401781507
33 198 1.15949916010231 0.5743924327528617 0.06677843093550169 0.06677843093550169 0.5743924327528617
34 204 0.8580830993828712 0.48425658842314623 0.06570854335159294 0.06570854335159294 0.48425658842314623
35 210 0.659144294972193 0.4267099594212375 0.06128930399579233 0.06128930399579233 0.4267099594212375
36 216 0.5253854361861462 0.36190052653493593 0.05603572843758002 0.05603572843758002 0.36190052653493593
37 222 0.48852716170510396 0.3054011835855636 0.052206185550547055 0.052206185550547055 0.3054011835855636
38 228 0.3903922590175209 0.2873309998741963 0.04976190312277421 0.04976190312277421 0.2873309998741963
39 234 0.3911598972236084 0.2324693344090915 0.048369660875482084 0.048369660875482084 0.2324693344090915
40 240 0.3130658977877592 0.22844811958316882 0.04671999281122158 0.04671999281122158 0.22844811958316882
41 246 0.2376554173328055 0.19111442049739702 0.04380363144982493 0.04380363144982493 0.19111442049739702
42 252 0.19650609874295027 0.161257398635372 0.04141391406071481 0.04141391406071481 0.161257398635372
43 258 0.19142422520020042 0.14943743149229513 0.03544983950980287 0.03544983950980287 0.14943743149229513
44 264 0.21956167964925974 0.14700036873395947 0.03215530415992169 0.03215530415992169 0.14700036873395947
45 270 0.20968038447489076 0.1422433976888379 0.03338734977480248 0.03338734977480248 0.1422433976888379
46 276 0.22836380894515382 0.13843081706523455 0.028452135308417174 0.028452135308417174 0.13843081706523455
47 282 0.2973211482155513 0.16125285135366527 0.02302053429295286 0.02302053429295286 0.16125285135366527
48 288 0.38830811580855723 0.17913823138467283 0.02326515099211725 0.02326515099211725 0.17913823138467283
49 294 0.3326346159751274 0.1941602568256817 0.02192591121725908 0.02192591121725908 0.1941602568256817
50 300 0.3925752674674973 0.18099004486423095 0.018983517001089367 0.018983517001089367 0.18099004486423095
51 306 0.40080165238876236 0.1673832730295645 0.022166388533100413 0.022166388533100413 0.1673832730295645
52 312 0.3895089264896768 0.15090488049299794 0.020714781186271795 0.020714781186271795 0.15090488049299794
53 318 0.59633397461296 0.14320520112127924 0.01817788323362301 0.01817788323362301 0.14320520112127924
54 324 1.0476495690910155 0.1415505009519552 0.019705563156228373 0.019705563156228373 0.1415505009519552
55 330 1.1998192266257668 0.1418425042778511 0.019797699810522634 0.019797699810522634 0.1418425042778511
56 336 1.132754837265416 0.11668062459867545 0.01877215880810964 0.01877215880810964 0.11668062459867545
57 342 0.8506720729092505 0.10111882694396744 0.017067150007345117 0.017067150007345117 0.10111882694396744
58 348 0.7212822269866428 0.08674280388781962 0.01625460376679363 0.01625460376679363 0.08674280388781962
59 354 0.5992886150562832 0.0799763433316674 0.014569016992420879 0.014569016992420879 0.0799763433316674
60 360 0.45873972209981945 0.07897828617230687 0.011904374020116145 0.011904374020116145 0.07897828617230687
61 366 0.44137931037913114 0.07490038719548707 0.01003032671905683 0.01003032671905683 0.07490038719548707
62 372 0.34158399023901137 0.06433116976308008 0.010638945423579802 0.010638945423579802 0.06433116976308008
63 378 0.32122543239814894 0.054181333736164565 0.010046371421008539 0.010046371421008539 0.054181333736164565
64 384 0.30915754387845196 0.04943510515533771 0.009373879697694147 0.009373879697694147 0.04943510515533771
65 390 0.34897645855744625 0.04836969392625041 0.008883918045874097 0.008883918045874097 0.04836969392625041
66 396 0.26433597134496567 0.05104884721366887 0.00859131663689747 0.00859131663689747 0.05104884721366887
67 402 0.2237523752548133 0.0459309799242003 0.007378066234080682 0.007378066234080682 0.0459309799242003
68 408 0.17151439159651774 0.044034385226863385 0.006465070567667338 0.006465070567667338 0.044034385226863385
69 414 0.12156903255538178 0.04156688776380478 0.005260212685440972 0.005260212685440972 0.04156688776380478
70 420 0.1111841984912077 0.037839457525700906 0.004414288720174874 0.004414288720174874 0.037839457525700906
71 426 0.08153138463086446 0.03360111656868063 0.00414553835518408 0.00414553835518408 0.03360111656868063
72 432 0.061765776472379096 0.02920546834514499 0.0036768576005689066 0.0036768576005689066 0.02920546834514499
73 438 0.044757822882045606 0.02467966975052281 0.0033765313047587277 0.0033765313047587277 0.02467966975052281
74 444 0.03463307203831829 0.023402835190021665 0.0026896203817062627 0.0026896203817062627 0.023402835190021665
75 450 0.03070942913534535 0.02161701335897078 0.0022654219098933435 0.0022654219098933435 0.02161701335897078
76 456 0.026062878906876603 0.018852067590313826 0.0021427062873131232 0.0021427062873131232 0.018852067590313826
77 462 0.02027080249087409 0.017051323087543542 0.0019623916559379498 0.0019623916559379498 0.017051323087543542
78 468 0.02170330102544578 0.014767529175434212 0.0017722993645018464 0.0017722993645018464 0.014767529175434212
79 474 0.018121205348913528 0.016635414138618507 0.001513997911169811 0.001513997911169811 0.016635414138618507
80 480 0.01587723670336629 0.015194524089815337 0.0012908362657332662 0.0012908362657332662 0.015194524089815337
81 486 0.011366423231012807 0.013491367777756657 0.0012002087137176624 0.0012002087137176624 0.013491367777756657
82 492 0.010625245609034968 0.01227539410873269 0.0010266440427465263 0.0010266440427465263 0.01227539410873269
83 498 0.010814755916695484 0.011140743648162709 0.0009943869541423414 0.0009943869541423414 0.011140743648162709
84 504 0.011636653006171865 0.009949666265290782 0.0010260544918125813 0.0010260544918125813 0.009949666265290782
85 510 0.010289132684858655 0.009691626386817746 0.001015868829893028 0.001015868829893028 0.009691626386817746
86 516 0.00791623040598309 0.008557154594128836 0.0009837858731561989 0.0009837858731561989 0.008557154594128836
87 522 0.006356828024417159 0.0069147044635462385 0.0009334453291427251 0.0009334453291427251 0.0069147044635462385
88 528 0.005965554343714906 0.005628853455476773 0.0008839907356403498 0.0008839907356403498 0.005628853455476773
89 534 0.004605943024729071 0.00561763140958516 0.000775158038330776 0.000775158038330776 0.00561763140958516
90 540 0.0038953454482667602 0.005445980971299976 0.0006324266541421577 0.0006324266541421577 0.005445980971299976
91 546 0.002944166624952311 0.005205452365047024 0.000529439855183778 0.000529439855183778 0.005205452365047024
92 552 0.0026353097707609223 0.004990407079480519 0.0004352961932100429 0.0004352961932100429 0.004990407079480519
93 558 0.002646075302907521 0.004929089173379284 0.00037902387756779435 0.00037902387756779435 0.004929089173379284
94 564 0.00198136297936975 0.004753642062665752 0.0003699713546674128 0.0003699713546674128 0.004753642062665752
95 570 0.001690351159900907 0.004618436356485994 0.00029528713557271596 0.00029528713557271596 0.004618436356485994
96 576 0.0012757430569147361 0.0043621006986755894 0.00025738577970165627 0.00025738577970165627 0.0043621006986755894
97 582 0.0012463707353919265 0.003999628682753743 0.00021499361675277097 0.00021499361675277097 0.003999628682753743
98 588 0.0013793994586280675 0.0036421344204315407 0.00021053159191493015 0.00021053159191493015 0.0036421344204315407
99 594 0.0012843098678635707 0.0030494718156354123 0.00024921121091426803 0.00024921121091426803 0.0030494718156354123
100 600 0.000924882216999732 0.002735864101048645 0.00022916601581466094 0.00022916601581466094 0.002735864101048645
101 606 0.0006780009430565868 0.002342039171147098 0.0002081506053499504 0.0002081506053499504 0.002342039171147098
102 612 0.0006100914414871591 0.0021698366308867427 0.00017152377883840932 0.00017152377883840932 0.0021698366308867427
103 618 0.0004376740243951042 0.002004084654755815 0.0001578821746957383 0.0001578821746957383 0.002004084654755815
104 624 0.00042933872124675614 0.0017660713389146437 0.00013770063768831498 0.00013770063768831498 0.0017660713389146437
105 630 0.00032331288452890864 0.0017823114032317281 0.00012574973260548984 0.00012574973260548984 0.0017823114032317281
106 636 0.0003176431396806225 0.0014385059613202732 0.00012283552957929113 0.00012283552957929113 0.0014385059613202732
107 642 0.00025582579018200576 0.0011622804913420574 0.0001321667742296416 0.0001321667742296416 0.0011622804913420574
108 648 0.00020578320220753665 0.0010321424830601453 0.00011616045109399716 0.00011616045109399716 0.0010321424830601453
109 654 0.00017034352387403922 0.0008059730170688963 0.00011562551166903427 0.00011562551166903427 0.0008059730170688963
110 660 0.00012206297619724698 0.0006393399438733932 0.00011382986375404576 0.00011382986375404576 0.0006393399438733932
111 666 8.96120993933206e-05 0.000564442859708278 9.810271876779693e-05 9.810271876779693e-05 0.000564442859708278
112 672 6.800190921795817e-05 0.0005163915773018318 8.42587642419626e-05 8.42587642419626e-05 0.0005163915773018318
113 678 5.507191641827292e-05 0.00047788397315508117 7.031624806544562e-05 7.031624806544562e-05 0.00047788397315508117
113 678 5.507191641827292e-05 0.00047788397315508117 7.031624806544562e-05 7.031624806544562e-05 0.00047788397315508117
