% # columns="iteration, evaluation, min max(neg(.)) min(pos(.)) max correlation, correlation matrix principal axes lengths  (sorted square roots of eigenvalues of correlation matrix)", seed=1002341, Wed Jul 30 12:03:58 2025
1 6 0.22934389672651573 0.22934389672651573 0.22934389672651573 0.22934389672651573 0.8778702086718083 1.1087578169855288
2 12 0.22934389672651573 0.22934389672651573 0.22934389672651573 0.22934389672651573 0.8778702086718083 1.1087578169855288
3 18 0.3547405268786416 0.3547405268786416 0.3547405268786416 0.3547405268786416 0.8032804448767308 1.1639332140972014
4 24 0.3547405268786416 0.3547405268786416 0.3547405268786416 0.3547405268786416 0.8032804448767308 1.1639332140972014
5 30 0.3602686192199569 0.3602686192199569 0.3602686192199569 0.3602686192199569 0.7998320953675485 1.1663055428231304
6 36 0.3602686192199569 0.3602686192199569 0.3602686192199569 0.3602686192199569 0.7998320953675485 1.1663055428231304
7 42 0.12354644250055212 0.12354644250055212 0.12354644250055212 0.12354644250055212 0.9361909834534019 1.059974736727509
8 48 0.12354644250055212 0.12354644250055212 0.12354644250055212 0.12354644250055212 0.9361909834534019 1.059974736727509
9 54 -0.16298621641635383 -0.16298621641635383 -0.16298621641635383 -0.16298621641635383 0.9148845739128222 1.0784183865348151
10 60 -0.16298621641635383 -0.16298621641635383 -0.16298621641635383 -0.16298621641635383 0.9148845739128222 1.0784183865348151
11 66 -0.5118648864014155 -0.5118648864014155 -0.5118648864014155 -0.5118648864014155 0.6986666684468242 1.2295791501165818
12 72 -0.5118648864014155 -0.5118648864014155 -0.5118648864014155 -0.5118648864014155 0.6986666684468242 1.2295791501165818
13 78 -0.7418180133354932 -0.7418180133354932 -0.7418180133354932 -0.7418180133354932 0.5081161153363537 1.319779532094468
14 84 -0.7418180133354932 -0.7418180133354932 -0.7418180133354932 -0.7418180133354932 0.5081161153363537 1.319779532094468
15 90 -0.8874782934025773 -0.8874782934025773 -0.8874782934025773 -0.8874782934025773 0.3354425533491878 1.3738552665410493
16 96 -0.8874782934025773 -0.8874782934025773 -0.8874782934025773 -0.8874782934025773 0.3354425533491878 1.3738552665410493
17 102 -0.9392927298655889 -0.9392927298655889 -0.9392927298655889 -0.9392927298655889 0.2463884537359885 1.3925849093917357
18 108 -0.9392927298655889 -0.9392927298655889 -0.9392927298655889 -0.9392927298655889 0.2463884537359885 1.3925849093917357
19 114 -0.9395916322979095 -0.9395916322979095 -0.9395916322979095 -0.9395916322979095 0.24578113780778738 1.3926922245413413
20 120 -0.9395916322979095 -0.9395916322979095 -0.9395916322979095 -0.9395916322979095 0.24578113780778738 1.3926922245413413
21 126 -0.9326678994344436 -0.9326678994344436 -0.9326678994344436 -0.9326678994344436 0.25948429733908046 1.390204265363347
22 132 -0.9326678994344436 -0.9326678994344436 -0.9326678994344436 -0.9326678994344436 0.25948429733908046 1.390204265363347
23 138 -0.9448620822209686 -0.9448620822209686 -0.9448620822209686 -0.9448620822209686 0.23481464558036252 1.3945831213021935
24 144 -0.9448620822209686 -0.9448620822209686 -0.9448620822209686 -0.9448620822209686 0.23481464558036252 1.3945831213021935
25 150 -0.9699884796453212 -0.9699884796453212 -0.9699884796453212 -0.9699884796453212 0.17323833396416263 1.4035627807993916
26 156 -0.9699884796453212 -0.9699884796453212 -0.9699884796453212 -0.9699884796453212 0.17323833396416263 1.4035627807993916
27 162 -0.970548913710895 -0.970548913710895 -0.970548913710895 -0.970548913710895 0.1716131879812999 1.4037624135554045
28 168 -0.970548913710895 -0.970548913710895 -0.970548913710895 -0.970548913710895 0.1716131879812999 1.4037624135554045
29 174 -0.972381324347884 -0.972381324347884 -0.972381324347884 -0.972381324347884 0.16618867486118286 1.4044149402323673
30 180 -0.972381324347884 -0.972381324347884 -0.972381324347884 -0.972381324347884 0.16618867486118286 1.4044149402323673
31 186 -0.9562470864721125 -0.9562470864721125 -0.9562470864721125 -0.9562470864721125 0.20917197118134043 1.398659031527024
32 192 -0.9562470864721125 -0.9562470864721125 -0.9562470864721125 -0.9562470864721125 0.20917197118134043 1.398659031527024
33 198 -0.9846340887745726 -0.9846340887745726 -0.9846340887745726 -0.9846340887745726 0.12395931278216843 1.4087704173408002
34 204 -0.9846340887745726 -0.9846340887745726 -0.9846340887745726 -0.9846340887745726 0.12395931278216843 1.4087704173408002
35 210 -0.9775230125124097 -0.9775230125124097 -0.9775230125124097 -0.9775230125124097 0.1499232720013488 1.4062442933261665
36 216 -0.9775230125124097 -0.9775230125124097 -0.9775230125124097 -0.9775230125124097 0.1499232720013488 1.4062442933261665
37 222 -0.9512610837873454 -0.9512610837873454 -0.9512610837873454 -0.9512610837873454 0.22076892039563595 1.3968754718253684
38 228 -0.9512610837873454 -0.9512610837873454 -0.9512610837873454 -0.9512610837873454 0.22076892039563595 1.3968754718253684
39 234 -0.8612953259792588 -0.8612953259792588 -0.8612953259792588 -0.8612953259792588 0.3724307640632564 1.3642929765923664
40 240 -0.8612953259792588 -0.8612953259792588 -0.8612953259792588 -0.8612953259792588 0.3724307640632564 1.3642929765923664
41 246 -0.8060947811251113 -0.8060947811251113 -0.8060947811251113 -0.8060947811251113 0.4403467030362426 1.3439102578390834
42 252 -0.8060947811251113 -0.8060947811251113 -0.8060947811251113 -0.8060947811251113 0.4403467030362426 1.3439102578390834
43 258 -0.7780447755426851 -0.7780447755426851 -0.7780447755426851 -0.7780447755426851 0.471121241781046 1.3334334537361379
44 264 -0.7780447755426851 -0.7780447755426851 -0.7780447755426851 -0.7780447755426851 0.471121241781046 1.3334334537361379
45 270 -0.7495822209184616 -0.7495822209184616 -0.7495822209184616 -0.7495822209184616 0.5004176046878631 1.3227177404565427
46 276 -0.7495822209184616 -0.7495822209184616 -0.7495822209184616 -0.7495822209184616 0.5004176046878631 1.3227177404565427
47 282 -0.496224001682255 -0.496224001682255 -0.496224001682255 -0.496224001682255 0.7097717931263153 1.22320235516543
48 288 -0.496224001682255 -0.496224001682255 -0.496224001682255 -0.496224001682255 0.7097717931263153 1.22320235516543
49 294 -0.5196785372247199 -0.5196785372247199 -0.5196785372247199 -0.5196785372247199 0.693052279972644 1.2327524233294858
50 300 -0.5196785372247199 -0.5196785372247199 -0.5196785372247199 -0.5196785372247199 0.693052279972644 1.2327524233294858
51 306 -0.5661093702003881 -0.5661093702003881 -0.5661093702003881 -0.5661093702003881 0.6587037496474509 1.251442915278355
52 312 -0.5661093702003881 -0.5661093702003881 -0.5661093702003881 -0.5661093702003881 0.6587037496474509 1.251442915278355
53 318 -0.25984058782157776 -0.25984058782157776 -0.25984058782157776 -0.25984058782157776 0.860325178161387 1.1224262059581367
54 324 -0.25984058782157776 -0.25984058782157776 -0.25984058782157776 -0.25984058782157776 0.860325178161387 1.1224262059581367
55 330 -0.20194087727161777 -0.20194087727161777 -0.20194087727161777 -0.20194087727161777 0.8933415487529852 1.0963306423117152
56 336 -0.20194087727161777 -0.20194087727161777 -0.20194087727161777 -0.20194087727161777 0.8933415487529852 1.0963306423117152
57 342 0.06366026010625155 0.06366026010625155 0.06366026010625155 0.06366026010625155 0.9676464953141454 1.0313390616602531
58 348 0.06366026010625155 0.06366026010625155 0.06366026010625155 0.06366026010625155 0.9676464953141454 1.0313390616602531
59 354 -0.25293147652641185 -0.25293147652641185 -0.25293147652641185 -0.25293147652641185 0.8643312579524057 1.1193442171764734
60 360 -0.25293147652641185 -0.25293147652641185 -0.25293147652641185 -0.25293147652641185 0.8643312579524057 1.1193442171764734
61 366 -0.1702954771507843 -0.1702954771507843 -0.1702954771507843 -0.1702954771507843 0.9108811793253915 1.0818019583781424
62 372 -0.1702954771507843 -0.1702954771507843 -0.1702954771507843 -0.1702954771507843 0.9108811793253915 1.0818019583781424
63 378 0.20845168033557762 0.20845168033557762 0.20845168033557762 0.20845168033557762 0.8896900132430523 1.0992959930499056
64 384 0.20845168033557762 0.20845168033557762 0.20845168033557762 0.20845168033557762 0.8896900132430523 1.0992959930499056
65 390 -0.08375966806087215 -0.08375966806087215 -0.08375966806087215 -0.08375966806087215 0.9572044358125007 1.041037784165816
66 396 -0.08375966806087215 -0.08375966806087215 -0.08375966806087215 -0.08375966806087215 0.9572044358125007 1.041037784165816
67 402 -0.18485463777190153 -0.18485463777190153 -0.18485463777190153 -0.18485463777190153 0.9028540093659099 1.0885102837235399
68 408 -0.18485463777190153 -0.18485463777190153 -0.18485463777190153 -0.18485463777190153 0.9028540093659099 1.0885102837235399
69 414 -0.3767668761899136 -0.3767668761899136 -0.3767668761899136 -0.3767668761899136 0.7894511535301512 1.1733570966205955
70 420 -0.3767668761899136 -0.3767668761899136 -0.3767668761899136 -0.3767668761899136 0.7894511535301512 1.1733570966205955
71 426 -0.3150134098144915 -0.3150134098144915 -0.3150134098144915 -0.3150134098144915 0.8276391666574923 1.1467403410600376
72 432 -0.3150134098144915 -0.3150134098144915 -0.3150134098144915 -0.3150134098144915 0.8276391666574923 1.1467403410600376
73 438 -0.2391696952994947 -0.2391696952994947 -0.2391696952994947 -0.2391696952994947 0.8722558711183921 1.1131799923190744
74 444 -0.2391696952994947 -0.2391696952994947 -0.2391696952994947 -0.2391696952994947 0.8722558711183921 1.1131799923190744
75 450 -0.3691365985336238 -0.3691365985336238 -0.3691365985336238 -0.3691365985336238 0.7942690988993443 1.1701011061158877
76 456 -0.3691365985336238 -0.3691365985336238 -0.3691365985336238 -0.3691365985336238 0.7942690988993443 1.1701011061158877
77 462 -0.11503426338257916 -0.11503426338257916 -0.11503426338257916 -0.11503426338257916 0.940726175152696 1.055951828154381
78 468 -0.11503426338257916 -0.11503426338257916 -0.11503426338257916 -0.11503426338257916 0.940726175152696 1.055951828154381
79 474 -0.4088615019840561 -0.4088615019840561 -0.4088615019840561 -0.4088615019840561 0.7688553166987557 1.186954717747925
80 480 -0.4088615019840561 -0.4088615019840561 -0.4088615019840561 -0.4088615019840561 0.7688553166987557 1.186954717747925
81 486 -0.23232560424377313 -0.23232560424377313 -0.23232560424377313 -0.23232560424377313 0.8761703006586259 1.110101618881701
82 492 -0.23232560424377313 -0.23232560424377313 -0.23232560424377313 -0.23232560424377313 0.8761703006586259 1.110101618881701
83 498 -0.07504406318495356 -0.07504406318495356 -0.07504406318495356 -0.07504406318495356 0.9617462954516885 1.0368433166033109
84 504 -0.07504406318495356 -0.07504406318495356 -0.07504406318495356 -0.07504406318495356 0.9617462954516885 1.0368433166033109
85 510 -0.11833324920196531 -0.11833324920196531 -0.11833324920196531 -0.11833324920196531 0.9389711128666499 1.0575127655030767
86 516 -0.11833324920196531 -0.11833324920196531 -0.11833324920196531 -0.11833324920196531 0.9389711128666499 1.0575127655030767
87 522 0.06668680980737829 0.06668680980737829 0.06668680980737829 0.06668680980737829 0.9660813579573004 1.032805310698671
88 528 0.06668680980737829 0.06668680980737829 0.06668680980737829 0.06668680980737829 0.9660813579573004 1.032805310698671
89 534 0.19217503582555143 0.19217503582555143 0.19217503582555143 0.19217503582555143 0.8987908344962405 1.091867682379853
90 540 0.19217503582555143 0.19217503582555143 0.19217503582555143 0.19217503582555143 0.8987908344962405 1.091867682379853
91 546 -0.030351521296869667 -0.030351521296869667 -0.030351521296869667 -0.030351521296869667 0.984707306108333 1.0150623238485752
92 552 -0.030351521296869667 -0.030351521296869667 -0.030351521296869667 -0.030351521296869667 0.984707306108333 1.0150623238485752
93 558 -0.15941865654767823 -0.15941865654767823 -0.15941865654767823 -0.15941865654767823 0.9168322329915771 1.0767630456826043
94 564 -0.15941865654767823 -0.15941865654767823 -0.15941865654767823 -0.15941865654767823 0.9168322329915771 1.0767630456826043
95 570 -0.0660559187538146 -0.0660559187538146 -0.0660559187538146 -0.0660559187538146 0.9664078234607715 1.0324998395902125
96 576 -0.0660559187538146 -0.0660559187538146 -0.0660559187538146 -0.0660559187538146 0.9664078234607715 1.0324998395902125
97 582 -0.22516660592766854 -0.22516660592766854 -0.22516660592766854 -0.22516660592766854 0.8802462121885737 1.1068724433861692
98 588 -0.22516660592766854 -0.22516660592766854 -0.22516660592766854 -0.22516660592766854 0.8802462121885737 1.1068724433861692
99 594 -0.24921432662118204 -0.24921432662118204 -0.24921432662118204 -0.24921432662118204 0.866478893787274 1.1176825697044677
100 600 -0.24921432662118204 -0.24921432662118204 -0.24921432662118204 -0.24921432662118204 0.866478893787274 1.1176825697044677
101 606 -0.13297055275217076 -0.13297055275217076 -0.13297055275217076 -0.13297055275217076 0.9311441602930393 1.0644108946981756
102 612 -0.13297055275217076 -0.13297055275217076 -0.13297055275217076 -0.13297055275217076 0.9311441602930393 1.0644108946981756
103 618 0.07396077826221477 0.07396077826221477 0.07396077826221477 0.07396077826221477 0.9623093170793814 1.036320789264702
104 624 0.07396077826221477 0.07396077826221477 0.07396077826221477 0.07396077826221477 0.9623093170793814 1.036320789264702
104 624 0.07396077826221477 0.07396077826221477 0.07396077826221477 0.07396077826221477 0.9623093170793814 1.036320789264702
