% # columns="iteration, evaluation, min max(neg(.)) min(pos(.)) max correlation, correlation matrix principal axes lengths  (sorted square roots of eigenvalues of correlation matrix)", seed=1002341, Wed Jul 30 12:03:58 2025
1 6 -0.2293438967265157 -0.2293438967265157 -0.2293438967265157 -0.2293438967265157 0.8778702086718083 1.108757816985529
2 12 -0.38322228020170646 -0.38322228020170646 -0.38322228020170646 -0.38322228020170646 0.8778702086718083 1.108757816985529
3 18 -0.35474052687864166 -0.35474052687864166 -0.35474052687864166 -0.35474052687864166 0.8032804448767308 1.1639332140972014
4 24 -0.4466147798077799 -0.4466147798077799 -0.4466147798077799 -0.4466147798077799 0.8032804448767308 1.1639332140972014
5 30 -0.36026861921995695 -0.36026861921995695 -0.36026861921995695 -0.36026861921995695 0.7998320953675485 1.1663055428231304
6 36 -0.22761372088786497 -0.22761372088786497 -0.22761372088786497 -0.22761372088786497 0.7998320953675485 1.1663055428231304
7 42 -0.12354644250055215 -0.12354644250055215 -0.12354644250055215 -0.12354644250055215 0.9361909834534019 1.059974736727509
8 48 -0.14434679602056116 -0.14434679602056116 -0.14434679602056116 -0.14434679602056116 0.9361909834534019 1.059974736727509
9 54 0.1629862164163538 0.1629862164163538 0.1629862164163538 0.1629862164163538 0.9148845739128221 1.0784183865348151
10 60 0.3624734114731588 0.3624734114731588 0.3624734114731588 0.3624734114731588 0.9148845739128221 1.0784183865348151
11 66 0.5118648864014155 0.5118648864014155 0.5118648864014155 0.5118648864014155 0.6986666684468241 1.2295791501165818
12 72 0.7056082787928105 0.7056082787928105 0.7056082787928105 0.7056082787928105 0.6986666684468241 1.2295791501165818
13 78 0.7418180133354932 0.7418180133354932 0.7418180133354932 0.7418180133354932 0.5081161153363537 1.319779532094468
14 84 0.7886881494140703 0.7886881494140703 0.7886881494140703 0.7886881494140703 0.5081161153363537 1.319779532094468
15 90 0.8874782934025774 0.8874782934025774 0.8874782934025774 0.8874782934025774 0.33544255334918777 1.3738552665410493
16 96 0.8998170063494839 0.8998170063494839 0.8998170063494839 0.8998170063494839 0.33544255334918777 1.3738552665410493
17 102 0.9392927298655885 0.9392927298655885 0.9392927298655885 0.9392927298655885 0.2463884537359884 1.3925849093917355
18 108 0.9559152674074509 0.9559152674074509 0.9559152674074509 0.9559152674074509 0.2463884537359884 1.3925849093917355
19 114 0.9395916322979093 0.9395916322979093 0.9395916322979093 0.9395916322979093 0.24578113780778738 1.3926922245413411
20 120 0.9440531346212364 0.9440531346212364 0.9440531346212364 0.9440531346212364 0.24578113780778738 1.3926922245413411
21 126 0.9326678994344437 0.9326678994344437 0.9326678994344437 0.9326678994344437 0.25948429733908057 1.390204265363347
22 132 0.9124102860248217 0.9124102860248217 0.9124102860248217 0.9124102860248217 0.25948429733908057 1.390204265363347
23 138 0.9448620822209686 0.9448620822209686 0.9448620822209686 0.9448620822209686 0.23481464558036275 1.3945831213021935
24 144 0.966666178424208 0.966666178424208 0.966666178424208 0.966666178424208 0.23481464558036275 1.3945831213021935
25 150 0.9699884796453214 0.9699884796453214 0.9699884796453214 0.9699884796453214 0.1732383339641623 1.4035627807993918
26 156 0.9822620487590265 0.9822620487590265 0.9822620487590265 0.9822620487590265 0.1732383339641623 1.4035627807993918
27 162 0.9705489137108951 0.9705489137108951 0.9705489137108951 0.9705489137108951 0.17161318798129974 1.4037624135554048
28 168 0.9755674819264681 0.9755674819264681 0.9755674819264681 0.9755674819264681 0.17161318798129974 1.4037624135554048
29 174 0.9723813243478839 0.9723813243478839 0.9723813243478839 0.9723813243478839 0.1661886748611827 1.4044149402323673
30 180 0.9662595550602618 0.9662595550602618 0.9662595550602618 0.9662595550602618 0.1661886748611827 1.4044149402323673
31 186 0.9562470864721123 0.9562470864721123 0.9562470864721123 0.9562470864721123 0.20917197118134043 1.3986590315270238
32 192 0.9671192275869658 0.9671192275869658 0.9671192275869658 0.9671192275869658 0.20917197118134043 1.3986590315270238
33 198 0.9846340887745727 0.9846340887745727 0.9846340887745727 0.9846340887745727 0.12395931278216821 1.4087704173408004
34 204 0.9756473526094003 0.9756473526094003 0.9756473526094003 0.9756473526094003 0.12395931278216821 1.4087704173408004
35 210 0.9775230125124097 0.9775230125124097 0.9775230125124097 0.9775230125124097 0.1499232720013488 1.4062442933261665
36 216 0.9627370896799206 0.9627370896799206 0.9627370896799206 0.9627370896799206 0.1499232720013488 1.4062442933261665
37 222 0.9512610837873453 0.9512610837873453 0.9512610837873453 0.9512610837873453 0.22076892039563606 1.3968754718253682
38 228 0.913461163274808 0.913461163274808 0.913461163274808 0.913461163274808 0.22076892039563606 1.3968754718253682
39 234 0.8612953259792587 0.8612953259792587 0.8612953259792587 0.8612953259792587 0.3724307640632566 1.3642929765923661
40 240 0.7715173226154199 0.7715173226154199 0.7715173226154199 0.7715173226154199 0.3724307640632566 1.3642929765923661
41 246 0.8060947811251115 0.8060947811251115 0.8060947811251115 0.8060947811251115 0.4403467030362425 1.3439102578390834
42 252 0.7802379957795957 0.7802379957795957 0.7802379957795957 0.7802379957795957 0.4403467030362425 1.3439102578390834
43 258 0.7780447755426851 0.7780447755426851 0.7780447755426851 0.7780447755426851 0.47112124178104614 1.3334334537361379
44 264 0.7199934603272564 0.7199934603272564 0.7199934603272564 0.7199934603272564 0.47112124178104614 1.3334334537361379
45 270 0.7495822209184615 0.7495822209184615 0.7495822209184615 0.7495822209184615 0.5004176046878631 1.3227177404565427
46 276 0.6589853670297 0.6589853670297 0.6589853670297 0.6589853670297 0.5004176046878631 1.3227177404565427
47 282 0.496224001682255 0.496224001682255 0.496224001682255 0.496224001682255 0.7097717931263153 1.22320235516543
48 288 0.3289211143931087 0.3289211143931087 0.3289211143931087 0.3289211143931087 0.7097717931263153 1.22320235516543
49 294 0.5196785372247199 0.5196785372247199 0.5196785372247199 0.5196785372247199 0.693052279972644 1.2327524233294858
50 300 0.514506248002316 0.514506248002316 0.514506248002316 0.514506248002316 0.693052279972644 1.2327524233294858
51 306 0.5661093702003881 0.5661093702003881 0.5661093702003881 0.5661093702003881 0.658703749647451 1.251442915278355
52 312 0.26119230179909714 0.26119230179909714 0.26119230179909714 0.26119230179909714 0.658703749647451 1.251442915278355
53 318 0.25984058782157776 0.25984058782157776 0.25984058782157776 0.25984058782157776 0.860325178161387 1.1224262059581367
54 324 0.28627866457080753 0.28627866457080753 0.28627866457080753 0.28627866457080753 0.860325178161387 1.1224262059581367
55 330 0.2019408772716178 0.2019408772716178 0.2019408772716178 0.2019408772716178 0.8933415487529852 1.0963306423117152
56 336 0.07487457296075299 0.07487457296075299 0.07487457296075299 0.07487457296075299 0.8933415487529852 1.0963306423117152
57 342 -0.06366026010625156 -0.06366026010625156 -0.06366026010625156 -0.06366026010625156 0.9676464953141455 1.0313390616602531
58 348 0.10565764125473634 0.10565764125473634 0.10565764125473634 0.10565764125473634 0.9676464953141455 1.0313390616602531
59 354 0.25293147652641185 0.25293147652641185 0.25293147652641185 0.25293147652641185 0.8643312579524057 1.1193442171764734
60 360 0.2613644745661514 0.2613644745661514 0.2613644745661514 0.2613644745661514 0.8643312579524057 1.1193442171764734
61 366 0.17029547715078427 0.17029547715078427 0.17029547715078427 0.17029547715078427 0.9108811793253913 1.0818019583781424
62 372 0.00032879305251646136 0.00032879305251646136 0.00032879305251646136 0.00032879305251646136 0.9108811793253913 1.0818019583781424
63 378 -0.20845168033557757 -0.20845168033557757 -0.20845168033557757 -0.20845168033557757 0.8896900132430522 1.0992959930499053
64 384 -0.1282091838345166 -0.1282091838345166 -0.1282091838345166 -0.1282091838345166 0.8896900132430522 1.0992959930499053
65 390 0.08375966806087215 0.08375966806087215 0.08375966806087215 0.08375966806087215 0.9572044358125009 1.041037784165816
66 396 0.08445703955630184 0.08445703955630184 0.08445703955630184 0.08445703955630184 0.9572044358125009 1.041037784165816
67 402 0.18485463777190156 0.18485463777190156 0.18485463777190156 0.18485463777190156 0.9028540093659098 1.08851028372354
68 408 0.33916072974322037 0.33916072974322037 0.33916072974322037 0.33916072974322037 0.9028540093659098 1.08851028372354
69 414 0.37676687618991367 0.37676687618991367 0.37676687618991367 0.37676687618991367 0.7894511535301512 1.1733570966205955
70 420 0.2759072992015779 0.2759072992015779 0.2759072992015779 0.2759072992015779 0.7894511535301512 1.1733570966205955
71 426 0.31501340981449155 0.31501340981449155 0.31501340981449155 0.31501340981449155 0.8276391666574923 1.1467403410600376
72 432 0.32912469047219733 0.32912469047219733 0.32912469047219733 0.32912469047219733 0.8276391666574923 1.1467403410600376
73 438 0.23916969529949478 0.23916969529949478 0.23916969529949478 0.23916969529949478 0.8722558711183922 1.1131799923190746
74 444 0.23543543614264104 0.23543543614264104 0.23543543614264104 0.23543543614264104 0.8722558711183922 1.1131799923190746
75 450 0.3691365985336238 0.3691365985336238 0.3691365985336238 0.3691365985336238 0.7942690988993443 1.1701011061158877
76 456 0.2995039684205585 0.2995039684205585 0.2995039684205585 0.2995039684205585 0.7942690988993443 1.1701011061158877
77 462 0.11503426338257915 0.11503426338257915 0.11503426338257915 0.11503426338257915 0.940726175152696 1.055951828154381
78 468 0.32100362666171356 0.32100362666171356 0.32100362666171356 0.32100362666171356 0.940726175152696 1.055951828154381
79 474 0.4088615019840561 0.4088615019840561 0.4088615019840561 0.4088615019840561 0.7688553166987557 1.186954717747925
80 480 0.3900393614097184 0.3900393614097184 0.3900393614097184 0.3900393614097184 0.7688553166987557 1.186954717747925
81 486 0.2323256042437731 0.2323256042437731 0.2323256042437731 0.2323256042437731 0.8761703006586258 1.1101016188817008
82 492 0.2969125655070342 0.2969125655070342 0.2969125655070342 0.2969125655070342 0.8761703006586258 1.1101016188817008
83 498 0.07504406318495355 0.07504406318495355 0.07504406318495355 0.07504406318495355 0.9617462954516884 1.0368433166033109
84 504 0.11827966123167052 0.11827966123167052 0.11827966123167052 0.11827966123167052 0.9617462954516884 1.0368433166033109
85 510 0.1183332492019653 0.1183332492019653 0.1183332492019653 0.1183332492019653 0.9389711128666497 1.0575127655030767
86 516 0.06143791430468367 0.06143791430468367 0.06143791430468367 0.06143791430468367 0.9389711128666497 1.0575127655030767
87 522 -0.06668680980737829 -0.06668680980737829 -0.06668680980737829 -0.06668680980737829 0.9660813579573003 1.032805310698671
88 528 -0.234585572487986 -0.234585572487986 -0.234585572487986 -0.234585572487986 0.9660813579573003 1.032805310698671
89 534 -0.1921750358255514 -0.1921750358255514 -0.1921750358255514 -0.1921750358255514 0.8987908344962405 1.0918676823798528
90 540 -0.12951043837538664 -0.12951043837538664 -0.12951043837538664 -0.12951043837538664 0.8987908344962405 1.0918676823798528
91 546 0.03035152129686966 0.03035152129686966 0.03035152129686966 0.03035152129686966 0.984707306108333 1.015062323848575
92 552 0.06029368560113581 0.06029368560113581 0.06029368560113581 0.06029368560113581 0.984707306108333 1.015062323848575
93 558 0.15941865654767826 0.15941865654767826 0.15941865654767826 0.15941865654767826 0.9168322329915772 1.0767630456826043
94 564 -0.005194938523767061 -0.005194938523767061 -0.005194938523767061 -0.005194938523767061 0.9168322329915772 1.0767630456826043
95 570 0.06605591875381459 0.06605591875381459 0.06605591875381459 0.06605591875381459 0.9664078234607714 1.0324998395902125
96 576 0.18041378918378626 0.18041378918378626 0.18041378918378626 0.18041378918378626 0.9664078234607714 1.0324998395902125
97 582 0.22516660592766863 0.22516660592766863 0.22516660592766863 0.22516660592766863 0.8802462121885738 1.1068724433861694
98 588 0.2885944582352528 0.2885944582352528 0.2885944582352528 0.2885944582352528 0.8802462121885738 1.1068724433861694
99 594 0.24921432662118198 0.24921432662118198 0.24921432662118198 0.24921432662118198 0.866478893787274 1.1176825697044674
100 600 0.10132651965466599 0.10132651965466599 0.10132651965466599 0.10132651965466599 0.866478893787274 1.1176825697044674
101 606 0.13297055275217073 0.13297055275217073 0.13297055275217073 0.13297055275217073 0.9311441602930393 1.0644108946981756
102 612 -0.09354126669921321 -0.09354126669921321 -0.09354126669921321 -0.09354126669921321 0.9311441602930393 1.0644108946981756
103 618 -0.07396077826221477 -0.07396077826221477 -0.07396077826221477 -0.07396077826221477 0.9623093170793814 1.036320789264702
104 624 -0.20442837972885552 -0.20442837972885552 -0.20442837972885552 -0.20442837972885552 0.9623093170793814 1.036320789264702
104 624 -0.20442837972885552 -0.20442837972885552 -0.20442837972885552 -0.20442837972885552 0.9623093170793814 1.036320789264702
