% # columns="iter, evals, sigma, 0, fitness, xbest" seed=1002341, Wed Jul 30 12:03:58 2025, <python>{}</python>
1 6 1.0809032196522719 0 5.312455864189034 -0.8059121556323101 0.7927123187352217
2 12 0.9315586046006226 0 5.981622063530925 -0.04367133304647042 -0.21927988961122397
3 18 0.6895521102804892 0 1.7022266816787086 -0.03962062559731698 -0.07726012652142411
4 24 0.5482591477177404 0 1.0564528238254713 -0.026308543195562643 0.006298919259969379
5 30 0.5769252697327484 0 0.6237088652898325 0.28736848584737196 0.04854167042120238
6 36 0.49893840281183516 0 0.4471435751709648 0.33501287628415355 0.11925908132776451
7 42 0.40882404134777417 0 0.587988984541526 0.25553300139723883 0.08367043038109341
8 48 0.3760716844787368 0 0.6207529265365547 0.3558602102558476 0.08126724219151538
9 54 0.4786792801301796 0 0.4234039115021392 0.4175567064224311 0.20336458742370497
10 60 0.3826987703737898 0 0.6132181909158778 0.25089763038074064 0.08576712095733631
11 66 0.29023512903592097 0 0.5153657780628305 0.34902754703930566 0.15208582681024607
12 72 0.33319232725029835 0 0.33749747236369165 0.4834894817002059 0.20716990772669988
13 78 0.32539570134185447 0 0.5405513153599206 0.5321794443993713 0.22649677673341623
14 84 0.23869440633644468 0 0.3227327825813376 0.43252499166377534 0.18973285898838257
15 90 0.3117222630698036 0 0.33474130568817695 0.5380914943801492 0.2547025599231227
16 96 0.33053754014391645 0 0.25410430137662093 0.5468757616654502 0.2769862867926937
17 102 0.45866543483750183 0 0.14519839586369515 0.6224835646366061 0.38230917072329995
18 108 0.4057546341528038 0 0.19139675599152542 0.5827839001371163 0.35280046364274326
19 114 0.3536486048719568 0 0.13914732089357856 0.6477329577244018 0.40728800008069166
20 120 0.3284924658151406 0 0.2203642809795526 0.5875477433212546 0.36762828629479777
21 126 0.25075570270819225 0 0.25475541511194644 0.5043723159343776 0.26393533893746596
22 132 0.20479458506777606 0 0.172417809321393 0.5853753588369983 0.3449097867673625
23 138 0.19687753488216844 0 0.1639019798365294 0.6041950063100286 0.3735606518988869
24 144 0.19147273758414338 0 0.15794029024960923 0.6264506365234075 0.3788753112445728
25 150 0.21020652468766213 0 0.13742651849927104 0.6607051203210372 0.42159622902719546
26 156 0.18413698427862904 0 0.13085127553765716 0.6451358108624592 0.4091840311603746
27 162 0.1825445569310599 0 0.12642916329871426 0.6478483533844919 0.41478978516444504
28 168 0.18366133735875276 0 0.11775713052628366 0.6616887039016698 0.4320851178717514
29 174 0.3469236828352883 0 0.09066961894944472 0.698940989135517 0.48794325915776765
30 180 0.5628464692640014 0 0.10096667502719756 0.7004828773611611 0.5012857705474473
31 186 0.5302871924283865 0 0.08043698507367852 0.740324549888813 0.5594846689462002
32 192 0.5159059439794134 0 0.08107828631308285 0.7662811770878186 0.5709222187453638
33 198 0.6028072241470271 0 0.042498773184298955 0.7986924838561746 0.6334666474998663
34 204 0.4526687506125946 0 0.08007575603297729 0.7767401481177664 0.5859382526164838
35 210 0.4759064699213632 0 0.0411249912429862 0.7999361350936061 0.6365820379652851
36 216 0.47767161961544874 0 0.044294592051456624 0.7983558397296039 0.6434004999323627
37 222 0.3842976833562049 0 0.041109349208084685 0.7981118385638024 0.638854723402988
38 228 0.3675715166723416 0 0.0425216252177486 0.7998912510172866 0.634847947767087
39 234 0.36163696218092944 0 0.04516747093165592 0.7944730529748306 0.6257780465608294
40 240 0.3297059490479141 0 0.04166681311568672 0.7959065474504958 0.6331112021900248
41 246 0.2525780431450927 0 0.04371432829344355 0.795245679144859 0.6281848553109914
42 252 0.22567670123231753 0 0.040730022720022165 0.7982648050721438 0.6378005792085631
43 258 0.17173079884810633 0 0.040708689362406 0.7984938356494519 0.6386119892652959
44 264 0.1501653085714114 0 0.040725776218181034 0.7984281585928236 0.6384599902168785
45 270 0.12967916770466412 0 0.04046100291724746 0.7988869983372621 0.6386020573833607
46 276 0.13082588340880213 0 0.04038827272574478 0.7991279909164352 0.6379833827647167
47 282 0.1446665093624096 0 0.040364071067813666 0.799445923882178 0.6379215871563848
48 288 0.18809135266234933 0 0.040358148246066004 0.7999383021716764 0.6380751840308977
49 294 0.21345593160674736 0 0.040150358285161794 0.799993440516866 0.6412049654776892
50 300 0.22327542776820172 0 0.040269835489981434 0.7998135338727784 0.63830449796453
51 306 0.25941444822632154 0 0.04044226601161562 0.7995181546264648 0.6408081896039955
52 312 0.3227536891051403 0 0.04071399311665834 0.7984617801053264 0.6385227388090094
53 318 0.29297537942371227 0 0.04003809463872427 0.7999331269708541 0.6395562442802154
54 324 0.22723806379711553 0 0.04003887383137397 0.7999935047878546 0.6405919008566928
55 330 0.1740360871811002 0 0.0400721835089413 0.7998742438064509 0.6393312033290137
56 336 0.1491563904617756 0 0.04000119749749905 0.7999979622645007 0.6399349011969911
57 342 0.12773891501607743 0 0.040032310658506876 0.7999192872940455 0.6398570598154096
58 348 0.12056400253310497 0 0.04000583078509895 0.7999998379318158 0.6397596166021978
59 354 0.08996636581444131 0 0.040001337215686064 0.7999982618721033 0.6399170964980317
60 360 0.08666016372208704 0 0.040005025826058714 0.799988807002641 0.6400561522390301
61 366 0.06372130683014335 0 0.04000013567409388 0.7999997137640079 0.6399849888045996
62 372 0.04847650226745706 0 0.04000020551931019 0.7999999338687422 0.6400422104755935
63 378 0.039217251967683976 0 0.04000000525176706 0.7999999989369414 0.6400069456321317
64 384 0.02962923731732985 0 0.04000025168325354 0.7999997724791292 0.6400397202345783
65 390 0.02860520862737865 0 0.04000031252213942 0.7999999975889346 0.640055813497414
66 396 0.02403094688011459 0 0.04000015307798128 0.7999997644678171 0.6399753610273377
67 402 0.023428199382863918 0 0.04000014307164365 0.7999998833459515 0.6400308633149936
68 408 0.016655034423701535 0 0.04000003926835938 0.799999964349929 0.6400157569820587
69 414 0.01375046863728161 0 0.04000000447280734 0.7999999957643088 0.6400052644000316
70 420 0.01140539021411264 0 0.04000002377974436 0.7999999833853266 0.6399868837737723
71 426 0.009344471935348236 0 0.0400000016866995 0.7999999962349168 0.6399986498545475
72 432 0.007868456485841894 0 0.04000001320403604 0.7999999843749642 0.6400083140775196
73 438 0.0071040635577419384 0 0.040000004053408075 0.7999999987723995 0.6400059665933364
74 444 0.005278989823609502 0 0.04000000435157018 0.7999999974635337 0.640005772604745
75 450 0.005439237575161145 0 0.040000001247163026 0.7999999999002675 0.6399965252612875
76 456 0.004500714714635388 0 0.04000000054656275 0.7999999987966433 0.6399991904852403
77 462 0.004111805679795027 0 0.04000000027511785 0.7999999999998416 0.6400016584764616
78 468 0.003168537067899926 0 0.040000000002463044 0.7999999999985353 0.6399998629877727
79 474 0.0026136293210078892 0 0.04000000000107326 0.7999999999997519 0.6400000986923277
80 480 0.0021973267529250876 0 0.040000000035622575 0.7999999999935068 0.6399994253132633
81 486 0.0017615494170529554 0 0.04000000009353356 0.7999999999948585 0.6399990435559383
82 492 0.0016319677850114393 0 0.04000000008064362 0.7999999997988103 0.6400000406341972
83 498 0.0016280910461711681 0 0.04000000001841079 0.7999999999832896 0.6400003424151061
84 504 0.0012946205788542152 0 0.04000000001920279 0.7999999999816119 0.6399996557681109
85 510 0.0009942016946585287 0 0.040000000007806215 0.799999999999997 0.6399997206250426
86 516 0.0007949251592062874 0 0.04000000000254581 0.7999999999951599 0.6399999219041809
87 522 0.0009028802066178463 0 0.040000000002724606 0.7999999999934708 0.6400000335952563
88 528 0.000784256527172171 0 0.04000000000616737 0.799999999999253 0.6399997577476473
89 534 0.0006683591496603578 0 0.04000000000012448 0.7999999999999952 0.6399999649940801
90 540 0.0006160826005934211 0 0.04000000000067307 0.7999999999983954 0.6399999823231884
91 546 0.0004691884737129821 0 0.04000000000051398 0.799999999999801 0.63999993409306
92 552 0.00046235642783240636 0 0.04000000000072377 0.7999999999999988 0.6400000850467439
93 558 0.0003416775292693282 0 0.040000000000016085 0.7999999999999631 0.6400000036189362
94 564 0.0002536657934182818 0 0.0400000000000233 0.7999999999999994 0.6400000151831811
95 570 0.00019888166020163385 0 0.04000000000000531 0.7999999999999894 0.6399999967368938
96 576 0.00014258790345638607 0 0.04000000000000261 0.7999999999999949 0.6400000024136985
97 582 9.928914750125191e-05 0 0.04000000000000544 0.7999999999999985 0.6400000069558808
98 588 8.096899537970745e-05 0 0.04000000000000015 0.7999999999999999 0.6400000010800118
99 594 6.011515143250464e-05 0 0.04000000000000088 0.7999999999999998 0.6400000028491445
100 600 5.306166566126078e-05 0 0.04000000000000011 0.8 0.6399999988426185
101 606 4.0957426579694976e-05 0 0.04 0.8 0.6399999995391256
102 612 3.5881262314796835e-05 0 0.04000000000000034 0.7999999999999992 0.6400000000165844
103 618 2.6938601107510998e-05 0 0.0400000000000001 0.7999999999999998 0.639999999467083
104 624 2.0117296591896354e-05 0 0.040000000000000015 0.8 0.640000000591581
104 624 2.0117296591896354e-05 0 0.040000000000000015 0.8 0.640000000591581
