% # columns="iteration, evaluation, void, void, void, xmean", seed=426714, Wed Oct  1 11:10:33 2025, <python>{}</python> # scaling_of_variables: 1, typical_x: 0
1 6 0 0 0 -0.3850099375791507 0.6705233059100649
2 12 0 0 0 -0.45659968902195197 0.8548256414529376
3 18 0 0 0 -0.568731749229459 0.506950250329645
4 24 0 0 0 -0.5862185884484241 0.749556704632188
5 30 0 0 0 -0.7138378976014623 0.9842930416445891
6 36 0 0 0 -0.7209482151523674 0.44681903975413606
7 42 0 0 0 -0.4239858060297115 1.0442036590377288
8 48 0 0 0 -0.6416764536927103 0.8838886186042195
9 54 0 0 0 -0.33580809086909236 0.5623288416496688
10 60 0 0 0 -0.442658307088809 1.3596838326474419
11 66 0 0 0 -0.4766120578343416 1.4646503059673335
12 72 0 0 0 -0.37438280679048674 1.3405954091552668
13 78 0 0 0 -0.4351194088282486 1.4636860370811624
14 84 0 0 0 -0.5132643135984539 1.4088480433363775
15 90 0 0 0 -0.5102860879164537 1.3945763933991093
16 96 0 0 0 -0.5637769472277938 1.3757626172716197
17 102 0 0 0 -0.5038317146942096 1.4116456769276033
18 108 0 0 0 -0.4827533591878354 1.429445161696438
19 114 0 0 0 -0.4802277225377277 1.4557047473989821
20 120 0 0 0 -0.47479743638820227 1.4730890790043212
21 126 0 0 0 -0.4472894914848504 1.4886322178148204
22 132 0 0 0 -0.4077429517682764 1.5219297641285503
23 138 0 0 0 -0.43871866469477616 1.491834323116717
24 144 0 0 0 -0.3576118461542069 1.566952486290497
25 150 0 0 0 -0.268860061884602 1.6415748228793285
26 156 0 0 0 -0.19310570119049603 1.6981384049845334
27 162 0 0 0 -0.259045504381534 1.6717597190139588
28 168 0 0 0 -0.3002539751146061 1.6132320301388285
29 174 0 0 0 -0.20272257386656306 1.679866197096674
30 180 0 0 0 -0.12026032102789327 1.7191365628780109
31 186 0 0 0 -0.07406477093104626 1.7261283845521271
32 192 0 0 0 -0.08006397986244185 1.7236652161470183
33 198 0 0 0 -0.039196510718556246 1.7389878072381513
34 204 0 0 0 -0.057327295615250094 1.7102319293107484
35 210 0 0 0 -0.04796862580980917 1.7011809855157562
36 216 0 0 0 -0.02880851208682988 1.713036992945226
37 222 0 0 0 -0.04622168783306261 1.7044915214575367
38 228 0 0 0 -0.022574371021247115 1.7056788222157395
39 234 0 0 0 -0.014677677736176781 1.703529477287051
40 240 0 0 0 -0.006705909158958037 1.6988524769861277
41 246 0 0 0 -0.008568405932310742 1.700351569338916
42 252 0 0 0 0.011151179358690378 1.7056927821777719
43 258 0 0 0 0.03756889885213107 1.7108151081132559
44 264 0 0 0 0.04365869838663936 1.7058058937805503
45 270 0 0 0 0.07692543184036531 1.703145930795577
46 276 0 0 0 0.13804300570944047 1.699468576904426
47 282 0 0 0 0.155252934345177 1.7001811876335646
48 288 0 0 0 0.14958568143301226 1.6889268128186474
49 294 0 0 0 0.1512618099322088 1.6946063298140095
50 300 0 0 0 0.14133896522671 1.687327703974118
51 306 0 0 0 0.15790318420110735 1.6827002431900597
52 312 0 0 0 0.18319472460017186 1.675324880878312
53 318 0 0 0 0.21563479613324354 1.6611689760644612
54 324 0 0 0 0.2710842205627627 1.6463281964648855
55 330 0 0 0 0.3114496646197502 1.6112259102172146
56 336 0 0 0 0.3467178841675263 1.5912440318956607
57 342 0 0 0 0.33215608854612866 1.5960468333092337
58 348 0 0 0 0.3770087547834452 1.5588781877117823
59 354 0 0 0 0.4238194984210452 1.5361494105456808
60 360 0 0 0 0.5063784574872839 1.4681086975379556
61 366 0 0 0 0.5191609346893631 1.4351560445758957
62 372 0 0 0 0.552148080461859 1.3949061400663194
63 378 0 0 0 0.5488593635597206 1.3909506491402426
64 384 0 0 0 0.599446427890652 1.3493215843644184
65 390 0 0 0 0.6169301870068145 1.318125872389874
66 396 0 0 0 0.6282957852567127 1.3030344661945348
67 402 0 0 0 0.6327735293217901 1.285250041668262
68 408 0 0 0 0.6544336442633742 1.2589325801563538
69 414 0 0 0 0.6472747296894537 1.2764876557110572
70 420 0 0 0 0.6502371046195723 1.2722971579622406
71 426 0 0 0 0.6591047411106132 1.26431655734591
72 432 0 0 0 0.6713087475478414 1.2517563510447456
73 438 0 0 0 0.6710535217779189 1.251064318278899
74 444 0 0 0 0.6811828793228508 1.2415142963368535
75 450 0 0 0 0.6809878284205597 1.2370097709738648
76 456 0 0 0 0.69687423944565 1.2182696854378332
77 462 0 0 0 0.7120285672991195 1.1991925229526939
78 468 0 0 0 0.7428069584949881 1.1582011828573069
79 474 0 0 0 0.7309716597710302 1.1708716346801185
80 480 0 0 0 0.7718801852564864 1.1189348905752547
81 486 0 0 0 0.8235637527726782 1.0683176333410909
82 492 0 0 0 0.8192847638123716 1.0755703833950736
83 498 0 0 0 0.7615567410015839 1.1469995988083523
84 504 0 0 0 0.794843804127867 1.0896151037013713
85 510 0 0 0 0.7710388049592165 1.1121198216401191
86 516 0 0 0 0.7900114742057183 1.0806805611553392
87 522 0 0 0 0.7725927092459912 1.1020919180604904
88 528 0 0 0 0.805035972772335 1.0736636753384572
89 534 0 0 0 0.7969595457432497 1.0853802498767808
90 540 0 0 0 0.8189319457237216 1.0667042575355432
91 546 0 0 0 0.8121123650401448 1.0740555724177763
92 552 0 0 0 0.8134941622714366 1.0746352751600505
93 558 0 0 0 0.8223750821406055 1.0659841985439371
94 564 0 0 0 0.8242175752527058 1.065471358056449
95 570 0 0 0 0.8253163042946178 1.063508352537684
96 576 0 0 0 0.8262971049829151 1.0638452563943277
97 582 0 0 0 0.8271898033536903 1.0640086931755715
98 588 0 0 0 0.8267451819980021 1.064121937500758
99 594 0 0 0 0.8268220356060588 1.0636362911547759
100 600 0 0 0 0.8270165568760813 1.0635437710616977
101 606 0 0 0 0.8267647821601835 1.0639586527082379
102 612 0 0 0 0.8273678446432282 1.0635835171384969
103 618 0 0 0 0.8285248389532087 1.0632276019989941
104 624 0 0 0 0.83007861365068 1.062787476595393
105 630 0 0 0 0.8319573838859976 1.0621075138858203
106 636 0 0 0 0.8327062819372004 1.0618677377729844
107 642 0 0 0 0.8330427806895783 1.062133160638399
108 648 0 0 0 0.8339145575907081 1.0614284715981603
109 654 0 0 0 0.8366493849120414 1.06055068541172
110 660 0 0 0 0.8385664385889333 1.060354166825795
111 666 0 0 0 0.8413648493104756 1.0594922338562613
112 672 0 0 0 0.8428147975559662 1.0597176606186414
113 678 0 0 0 0.8418341439656631 1.0598198600288828
114 684 0 0 0 0.8418440061752331 1.059988506916236
115 690 0 0 0 0.8445134020745771 1.0597167738265307
116 696 0 0 0 0.8452804092259585 1.0600178921793606
117 702 0 0 0 0.84444131379285 1.0600259616153314
118 708 0 0 0 0.8478061700229929 1.0599895903718484
119 714 0 0 0 0.8474130025409501 1.0603095490140861
120 720 0 0 0 0.8494846007298078 1.0602104459399813
121 726 0 0 0 0.8506762330808668 1.0599864713350091
122 732 0 0 0 0.8507298362447077 1.0598573513787866
123 738 0 0 0 0.8504797875705072 1.0598963205969216
124 744 0 0 0 0.8499192773212259 1.0601330903418316
125 750 0 0 0 0.848963657821245 1.0600900654431864
126 756 0 0 0 0.8490675302397526 1.0599887531720857
127 762 0 0 0 0.8492005022195703 1.05999552364993
128 768 0 0 0 0.8496437515294177 1.0599833089168493
129 774 0 0 0 0.8498697791513808 1.0599980650339065
130 780 0 0 0 0.8501528937768709 1.0600190207857432
131 786 0 0 0 0.8502530545797283 1.0600010599034537
132 792 0 0 0 0.8501572870421867 1.0599971738224423
133 798 0 0 0 0.8500145210962684 1.0599923106020253
134 804 0 0 0 0.8500483373174573 1.0599931277772208
135 810 0 0 0 0.8499995709012091 1.0599898132859429
136 816 0 0 0 0.8499405848107404 1.0599924508268226
137 822 0 0 0 0.8499909546595527 1.0599999923142507
138 828 0 0 0 0.8500089606691857 1.0600034139459173
139 834 0 0 0 0.8500094621414407 1.060001024680549
140 840 0 0 0 0.8500009038921743 1.0599984062797865
141 846 0 0 0 0.8499864406328481 1.0599982863515718
142 852 0 0 0 0.8500138192886317 1.0599993399632723
143 858 0 0 0 0.8500013471620264 1.059998594239096
144 864 0 0 0 0.8500142852316908 1.0599999155769821
145 870 0 0 0 0.8499992544204518 1.0599996245153211
146 876 0 0 0 0.8500021119620941 1.0599998343677783
147 882 0 0 0 0.8500027955734587 1.0600010668945417
148 888 0 0 0 0.8500038224448044 1.0600004347636371
149 894 0 0 0 0.8500034668963193 1.0600001958427505
150 900 0 0 0 0.8499996869025099 1.0599997136045776
151 906 0 0 0 0.8500024081075819 1.059999919785522
152 912 0 0 0 0.8499987092516991 1.0599999877624542
153 918 0 0 0 0.8499980999468247 1.0600001757779154
154 924 0 0 0 0.8499969000080205 1.0600003111002279
155 930 0 0 0 0.8499985318056837 1.0599998069644607
156 936 0 0 0 0.8499996814043755 1.0599996392720168
157 942 0 0 0 0.8499998260137864 1.0599998687722634
158 948 0 0 0 0.8499999912128533 1.0599999450143855
159 954 0 0 0 0.8499997700712162 1.060000019939638
160 960 0 0 0 0.8499997619820562 1.0600000156566958
161 966 0 0 0 0.8500000674217945 1.0599999675417457
162 972 0 0 0 0.8499998314522246 1.0600000014588948
163 978 0 0 0 0.8499998426865294 1.0600000175550146
164 984 0 0 0 0.8499999852148334 1.0599999828661686
165 990 0 0 0 0.8499999913043097 1.0600000049422327
166 996 0 0 0 0.8499999842621202 1.0599999825823765
167 1002 0 0 0 0.8500000530540321 1.0599999982369575
168 1008 0 0 0 0.8500000002185796 1.0599999955609531
169 1014 0 0 0 0.8499999829314708 1.060000000322539
170 1020 0 0 0 0.849999982851777 1.0599999964404667
171 1026 0 0 0 0.8499999876485757 1.0599999973126801
172 1032 0 0 0 0.8499999986885804 1.0599999990406255
173 1038 0 0 0 0.8499999948649721 1.0600000006486916
174 1044 0 0 0 0.8499999918608746 1.0599999994613873
175 1050 0 0 0 0.8499999960423158 1.05999999990417
176 1056 0 0 0 0.8499999980762772 1.059999999869627
176 1056 0 0 0 0.8499999980762772 1.059999999869627
